0 0 /
0 1 *
0 2 
0 3 

1 0  
1 1 *
1 2  
1 3 T
1 4 h
1 5 e
1 6  
1 7 A
1 8 p
1 9 a
1 10 c
1 11 h
1 12 e
1 13  
1 14 S
1 15 o
1 16 f
1 17 t
1 18 w
1 19 a
1 20 r
1 21 e
1 22  
1 23 L
1 24 i
1 25 c
1 26 e
1 27 n
1 28 s
1 29 e
1 30 ,
1 31  
1 32 V
1 33 e
1 34 r
1 35 s
1 36 i
1 37 o
1 38 n
1 39  
1 40 1
1 41 .
1 42 1
1 43 
1 44 

2 0  
2 1 *
2 2 
2 3 

3 0  
3 1 *
3 2  
3 3 C
3 4 o
3 5 p
3 6 y
3 7 r
3 8 i
3 9 g
3 10 h
3 11 t
3 12  
3 13 (
3 14 c
3 15 )
3 16  
3 17 2
3 18 0
3 19 0
3 20 2
3 21  
3 22 T
3 23 h
3 24 e
3 25  
3 26 A
3 27 p
3 28 a
3 29 c
3 30 h
3 31 e
3 32  
3 33 S
3 34 o
3 35 f
3 36 t
3 37 w
3 38 a
3 39 r
3 40 e
3 41  
3 42 F
3 43 o
3 44 u
3 45 n
3 46 d
3 47 a
3 48 t
3 49 i
3 50 o
3 51 n
3 52 .
3 53  
3 54  
3 55 A
3 56 l
3 57 l
3 58  
3 59 r
3 60 i
3 61 g
3 62 h
3 63 t
3 64 s
3 65 
3 66 

4 0  
4 1 *
4 2  
4 3 r
4 4 e
4 5 s
4 6 e
4 7 r
4 8 v
4 9 e
4 10 d
4 11 .
4 12 
4 13 

5 0  
5 1 *
5 2 
5 3 

6 0  
6 1 *
6 2  
6 3 R
6 4 e
6 5 d
6 6 i
6 7 s
6 8 t
6 9 r
6 10 i
6 11 b
6 12 u
6 13 t
6 14 i
6 15 o
6 16 n
6 17  
6 18 a
6 19 n
6 20 d
6 21  
6 22 u
6 23 s
6 24 e
6 25  
6 26 i
6 27 n
6 28  
6 29 s
6 30 o
6 31 u
6 32 r
6 33 c
6 34 e
6 35  
6 36 a
6 37 n
6 38 d
6 39  
6 40 b
6 41 i
6 42 n
6 43 a
6 44 r
6 45 y
6 46  
6 47 f
6 48 o
6 49 r
6 50 m
6 51 s
6 52 ,
6 53  
6 54 w
6 55 i
6 56 t
6 57 h
6 58  
6 59 o
6 60 r
6 61  
6 62 w
6 63 i
6 64 t
6 65 h
6 66 o
6 67 u
6 68 t
6 69 
6 70 

7 0  
7 1 *
7 2  
7 3 m
7 4 o
7 5 d
7 6 i
7 7 f
7 8 i
7 9 c
7 10 a
7 11 t
7 12 i
7 13 o
7 14 n
7 15 ,
7 16  
7 17 a
7 18 r
7 19 e
7 20  
7 21 p
7 22 e
7 23 r
7 24 m
7 25 i
7 26 t
7 27 t
7 28 e
7 29 d
7 30  
7 31 p
7 32 r
7 33 o
7 34 v
7 35 i
7 36 d
7 37 e
7 38 d
7 39  
7 40 t
7 41 h
7 42 a
7 43 t
7 44  
7 45 t
7 46 h
7 47 e
7 48  
7 49 f
7 50 o
7 51 l
7 52 l
7 53 o
7 54 w
7 55 i
7 56 n
7 57 g
7 58  
7 59 c
7 60 o
7 61 n
7 62 d
7 63 i
7 64 t
7 65 i
7 66 o
7 67 n
7 68 s
7 69 
7 70 

8 0  
8 1 *
8 2  
8 3 a
8 4 r
8 5 e
8 6  
8 7 m
8 8 e
8 9 t
8 10 :
8 11 
8 12 

9 0  
9 1 *
9 2 
9 3 

10 0  
10 1 *
10 2  
10 3 1
10 4 .
10 5  
10 6 R
10 7 e
10 8 d
10 9 i
10 10 s
10 11 t
10 12 r
10 13 i
10 14 b
10 15 u
10 16 t
10 17 i
10 18 o
10 19 n
10 20 s
10 21  
10 22 o
10 23 f
10 24  
10 25 s
10 26 o
10 27 u
10 28 r
10 29 c
10 30 e
10 31  
10 32 c
10 33 o
10 34 d
10 35 e
10 36  
10 37 m
10 38 u
10 39 s
10 40 t
10 41  
10 42 r
10 43 e
10 44 t
10 45 a
10 46 i
10 47 n
10 48  
10 49 t
10 50 h
10 51 e
10 52  
10 53 a
10 54 b
10 55 o
10 56 v
10 57 e
10 58  
10 59 c
10 60 o
10 61 p
10 62 y
10 63 r
10 64 i
10 65 g
10 66 h
10 67 t
10 68 
10 69 

11 0  
11 1 *
11 2  
11 3  
11 4  
11 5  
11 6 n
11 7 o
11 8 t
11 9 i
11 10 c
11 11 e
11 12 ,
11 13  
11 14 t
11 15 h
11 16 i
11 17 s
11 18  
11 19 l
11 20 i
11 21 s
11 22 t
11 23  
11 24 o
11 25 f
11 26  
11 27 c
11 28 o
11 29 n
11 30 d
11 31 i
11 32 t
11 33 i
11 34 o
11 35 n
11 36 s
11 37  
11 38 a
11 39 n
11 40 d
11 41  
11 42 t
11 43 h
11 44 e
11 45  
11 46 f
11 47 o
11 48 l
11 49 l
11 50 o
11 51 w
11 52 i
11 53 n
11 54 g
11 55  
11 56 d
11 57 i
11 58 s
11 59 c
11 60 l
11 61 a
11 62 i
11 63 m
11 64 e
11 65 r
11 66 .
11 67 
11 68 

12 0  
12 1 *
12 2 
12 3 

13 0  
13 1 *
13 2  
13 3 2
13 4 .
13 5  
13 6 R
13 7 e
13 8 d
13 9 i
13 10 s
13 11 t
13 12 r
13 13 i
13 14 b
13 15 u
13 16 t
13 17 i
13 18 o
13 19 n
13 20 s
13 21  
13 22 i
13 23 n
13 24  
13 25 b
13 26 i
13 27 n
13 28 a
13 29 r
13 30 y
13 31  
13 32 f
13 33 o
13 34 r
13 35 m
13 36  
13 37 m
13 38 u
13 39 s
13 40 t
13 41  
13 42 r
13 43 e
13 44 p
13 45 r
13 46 o
13 47 d
13 48 u
13 49 c
13 50 e
13 51  
13 52 t
13 53 h
13 54 e
13 55  
13 56 a
13 57 b
13 58 o
13 59 v
13 60 e
13 61  
13 62 c
13 63 o
13 64 p
13 65 y
13 66 r
13 67 i
13 68 g
13 69 h
13 70 t
13 71 
13 72 

14 0  
14 1 *
14 2  
14 3  
14 4  
14 5  
14 6 n
14 7 o
14 8 t
14 9 i
14 10 c
14 11 e
14 12 ,
14 13  
14 14 t
14 15 h
14 16 i
14 17 s
14 18  
14 19 l
14 20 i
14 21 s
14 22 t
14 23  
14 24 o
14 25 f
14 26  
14 27 c
14 28 o
14 29 n
14 30 d
14 31 i
14 32 t
14 33 i
14 34 o
14 35 n
14 36 s
14 37  
14 38 a
14 39 n
14 40 d
14 41  
14 42 t
14 43 h
14 44 e
14 45  
14 46 f
14 47 o
14 48 l
14 49 l
14 50 o
14 51 w
14 52 i
14 53 n
14 54 g
14 55  
14 56 d
14 57 i
14 58 s
14 59 c
14 60 l
14 61 a
14 62 i
14 63 m
14 64 e
14 65 r
14 66  
14 67 i
14 68 n
14 69 
14 70 

15 0  
15 1 *
15 2  
15 3  
15 4  
15 5  
15 6 t
15 7 h
15 8 e
15 9  
15 10 d
15 11 o
15 12 c
15 13 u
15 14 m
15 15 e
15 16 n
15 17 t
15 18 a
15 19 t
15 20 i
15 21 o
15 22 n
15 23  
15 24 a
15 25 n
15 26 d
15 27 /
15 28 o
15 29 r
15 30  
15 31 o
15 32 t
15 33 h
15 34 e
15 35 r
15 36  
15 37 m
15 38 a
15 39 t
15 40 e
15 41 r
15 42 i
15 43 a
15 44 l
15 45 s
15 46  
15 47 p
15 48 r
15 49 o
15 50 v
15 51 i
15 52 d
15 53 e
15 54 d
15 55  
15 56 w
15 57 i
15 58 t
15 59 h
15 60  
15 61 t
15 62 h
15 63 e
15 64 
15 65 

16 0  
16 1 *
16 2  
16 3  
16 4  
16 5  
16 6 d
16 7 i
16 8 s
16 9 t
16 10 r
16 11 i
16 12 b
16 13 u
16 14 t
16 15 i
16 16 o
16 17 n
16 18 .
16 19 
16 20 

17 0  
17 1 *
17 2 
17 3 

18 0  
18 1 *
18 2  
18 3 3
18 4 .
18 5  
18 6 T
18 7 h
18 8 e
18 9  
18 10 e
18 11 n
18 12 d
18 13 -
18 14 u
18 15 s
18 16 e
18 17 r
18 18  
18 19 d
18 20 o
18 21 c
18 22 u
18 23 m
18 24 e
18 25 n
18 26 t
18 27 a
18 28 t
18 29 i
18 30 o
18 31 n
18 32  
18 33 i
18 34 n
18 35 c
18 36 l
18 37 u
18 38 d
18 39 e
18 40 d
18 41  
18 42 w
18 43 i
18 44 t
18 45 h
18 46  
18 47 t
18 48 h
18 49 e
18 50  
18 51 r
18 52 e
18 53 d
18 54 i
18 55 s
18 56 t
18 57 r
18 58 i
18 59 b
18 60 u
18 61 t
18 62 i
18 63 o
18 64 n
18 65 ,
18 66  
18 67 i
18 68 f
18 69 
18 70 

19 0  
19 1 *
19 2  
19 3  
19 4  
19 5  
19 6 a
19 7 n
19 8 y
19 9 ,
19 10  
19 11 m
19 12 u
19 13 s
19 14 t
19 15  
19 16 i
19 17 n
19 18 c
19 19 l
19 20 u
19 21 d
19 22 e
19 23  
19 24 t
19 25 h
19 26 e
19 27  
19 28 f
19 29 o
19 30 l
19 31 l
19 32 o
19 33 w
19 34 i
19 35 n
19 36 g
19 37  
19 38 a
19 39 c
19 40 k
19 41 n
19 42 o
19 43 w
19 44 l
19 45 e
19 46 g
19 47 e
19 48 m
19 49 e
19 50 n
19 51 t
19 52 :
19 53 
19 54 

20 0  
20 1 *
20 2  
20 3  
20 4  
20 5  
20 6  
20 7  
20 8  
20 9 "
20 10 T
20 11 h
20 12 i
20 13 s
20 14  
20 15 p
20 16 r
20 17 o
20 18 d
20 19 u
20 20 c
20 21 t
20 22  
20 23 i
20 24 n
20 25 c
20 26 l
20 27 u
20 28 d
20 29 e
20 30 s
20 31  
20 32 s
20 33 o
20 34 f
20 35 t
20 36 w
20 37 a
20 38 r
20 39 e
20 40  
20 41 d
20 42 e
20 43 v
20 44 e
20 45 l
20 46 o
20 47 p
20 48 e
20 49 d
20 50  
20 51 b
20 52 y
20 53  
20 54 t
20 55 h
20 56 e
20 57 
20 58 

21 0  
21 1 *
21 2  
21 3  
21 4  
21 5  
21 6  
21 7  
21 8  
21 9  
21 10 A
21 11 p
21 12 a
21 13 c
21 14 h
21 15 e
21 16  
21 17 S
21 18 o
21 19 f
21 20 t
21 21 w
21 22 a
21 23 r
21 24 e
21 25  
21 26 F
21 27 o
21 28 u
21 29 n
21 30 d
21 31 a
21 32 t
21 33 i
21 34 o
21 35 n
21 36  
21 37 (
21 38 h
21 39 t
21 40 t
21 41 p
21 42 :
21 43 /
21 44 /
21 45 w
21 46 w
21 47 w
21 48 .
21 49 a
21 50 p
21 51 a
21 52 c
21 53 h
21 54 e
21 55 .
21 56 o
21 57 r
21 58 g
21 59 /
21 60 )
21 61 .
21 62 "
21 63 
21 64 

22 0  
22 1 *
22 2  
22 3  
22 4  
22 5  
22 6 A
22 7 l
22 8 t
22 9 e
22 10 r
22 11 n
22 12 a
22 13 t
22 14 e
22 15 l
22 16 y
22 17 ,
22 18  
22 19 t
22 20 h
22 21 i
22 22 s
22 23  
22 24 a
22 25 c
22 26 k
22 27 n
22 28 o
22 29 w
22 30 l
22 31 e
22 32 g
22 33 e
22 34 m
22 35 e
22 36 n
22 37 t
22 38  
22 39 m
22 40 a
22 41 y
22 42  
22 43 a
22 44 p
22 45 p
22 46 e
22 47 a
22 48 r
22 49  
22 50 i
22 51 n
22 52  
22 53 t
22 54 h
22 55 e
22 56  
22 57 s
22 58 o
22 59 f
22 60 t
22 61 w
22 62 a
22 63 r
22 64 e
22 65  
22 66 i
22 67 t
22 68 s
22 69 e
22 70 l
22 71 f
22 72 ,
22 73 
22 74 

23 0  
23 1 *
23 2  
23 3  
23 4  
23 5  
23 6 i
23 7 f
23 8  
23 9 a
23 10 n
23 11 d
23 12  
23 13 w
23 14 h
23 15 e
23 16 r
23 17 e
23 18 v
23 19 e
23 20 r
23 21  
23 22 s
23 23 u
23 24 c
23 25 h
23 26  
23 27 t
23 28 h
23 29 i
23 30 r
23 31 d
23 32 -
23 33 p
23 34 a
23 35 r
23 36 t
23 37 y
23 38  
23 39 a
23 40 c
23 41 k
23 42 n
23 43 o
23 44 w
23 45 l
23 46 e
23 47 g
23 48 e
23 49 m
23 50 e
23 51 n
23 52 t
23 53 s
23 54  
23 55 n
23 56 o
23 57 r
23 58 m
23 59 a
23 60 l
23 61 l
23 62 y
23 63  
23 64 a
23 65 p
23 66 p
23 67 e
23 68 a
23 69 r
23 70 .
23 71 
23 72 

24 0  
24 1 *
24 2 
24 3 

25 0  
25 1 *
25 2  
25 3 4
25 4 .
25 5  
25 6 T
25 7 h
25 8 e
25 9  
25 10 n
25 11 a
25 12 m
25 13 e
25 14 s
25 15  
25 16 "
25 17 T
25 18 h
25 19 e
25 20  
25 21 J
25 22 a
25 23 k
25 24 a
25 25 r
25 26 t
25 27 a
25 28  
25 29 P
25 30 r
25 31 o
25 32 j
25 33 e
25 34 c
25 35 t
25 36 "
25 37 ,
25 38  
25 39 "
25 40 A
25 41 n
25 42 t
25 43 "
25 44 ,
25 45  
25 46 a
25 47 n
25 48 d
25 49  
25 50 "
25 51 A
25 52 p
25 53 a
25 54 c
25 55 h
25 56 e
25 57  
25 58 S
25 59 o
25 60 f
25 61 t
25 62 w
25 63 a
25 64 r
25 65 e
25 66 
25 67 

26 0  
26 1 *
26 2  
26 3  
26 4  
26 5  
26 6 F
26 7 o
26 8 u
26 9 n
26 10 d
26 11 a
26 12 t
26 13 i
26 14 o
26 15 n
26 16 "
26 17  
26 18 m
26 19 u
26 20 s
26 21 t
26 22  
26 23 n
26 24 o
26 25 t
26 26  
26 27 b
26 28 e
26 29  
26 30 u
26 31 s
26 32 e
26 33 d
26 34  
26 35 t
26 36 o
26 37  
26 38 e
26 39 n
26 40 d
26 41 o
26 42 r
26 43 s
26 44 e
26 45  
26 46 o
26 47 r
26 48  
26 49 p
26 50 r
26 51 o
26 52 m
26 53 o
26 54 t
26 55 e
26 56  
26 57 p
26 58 r
26 59 o
26 60 d
26 61 u
26 62 c
26 63 t
26 64 s
26 65  
26 66 d
26 67 e
26 68 r
26 69 i
26 70 v
26 71 e
26 72 d
26 73 
26 74 

27 0  
27 1 *
27 2  
27 3  
27 4  
27 5  
27 6 f
27 7 r
27 8 o
27 9 m
27 10  
27 11 t
27 12 h
27 13 i
27 14 s
27 15  
27 16 s
27 17 o
27 18 f
27 19 t
27 20 w
27 21 a
27 22 r
27 23 e
27 24  
27 25 w
27 26 i
27 27 t
27 28 h
27 29 o
27 30 u
27 31 t
27 32  
27 33 p
27 34 r
27 35 i
27 36 o
27 37 r
27 38  
27 39 w
27 40 r
27 41 i
27 42 t
27 43 t
27 44 e
27 45 n
27 46  
27 47 p
27 48 e
27 49 r
27 50 m
27 51 i
27 52 s
27 53 s
27 54 i
27 55 o
27 56 n
27 57 .
27 58  
27 59 F
27 60 o
27 61 r
27 62  
27 63 w
27 64 r
27 65 i
27 66 t
27 67 t
27 68 e
27 69 n
27 70 
27 71 

28 0  
28 1 *
28 2  
28 3  
28 4  
28 5  
28 6 p
28 7 e
28 8 r
28 9 m
28 10 i
28 11 s
28 12 s
28 13 i
28 14 o
28 15 n
28 16 ,
28 17  
28 18 p
28 19 l
28 20 e
28 21 a
28 22 s
28 23 e
28 24  
28 25 c
28 26 o
28 27 n
28 28 t
28 29 a
28 30 c
28 31 t
28 32  
28 33 a
28 34 p
28 35 a
28 36 c
28 37 h
28 38 e
28 39 @
28 40 a
28 41 p
28 42 a
28 43 c
28 44 h
28 45 e
28 46 .
28 47 o
28 48 r
28 49 g
28 50 .
28 51 
28 52 

29 0  
29 1 *
29 2 
29 3 

30 0  
30 1 *
30 2  
30 3 5
30 4 .
30 5  
30 6 P
30 7 r
30 8 o
30 9 d
30 10 u
30 11 c
30 12 t
30 13 s
30 14  
30 15 d
30 16 e
30 17 r
30 18 i
30 19 v
30 20 e
30 21 d
30 22  
30 23 f
30 24 r
30 25 o
30 26 m
30 27  
30 28 t
30 29 h
30 30 i
30 31 s
30 32  
30 33 s
30 34 o
30 35 f
30 36 t
30 37 w
30 38 a
30 39 r
30 40 e
30 41  
30 42 m
30 43 a
30 44 y
30 45  
30 46 n
30 47 o
30 48 t
30 49  
30 50 b
30 51 e
30 52  
30 53 c
30 54 a
30 55 l
30 56 l
30 57 e
30 58 d
30 59  
30 60 "
30 61 A
30 62 p
30 63 a
30 64 c
30 65 h
30 66 e
30 67 "
30 68 
30 69 

31 0  
31 1 *
31 2  
31 3  
31 4  
31 5  
31 6 n
31 7 o
31 8 r
31 9  
31 10 m
31 11 a
31 12 y
31 13  
31 14 "
31 15 A
31 16 p
31 17 a
31 18 c
31 19 h
31 20 e
31 21 "
31 22  
31 23 a
31 24 p
31 25 p
31 26 e
31 27 a
31 28 r
31 29  
31 30 i
31 31 n
31 32  
31 33 t
31 34 h
31 35 e
31 36 i
31 37 r
31 38  
31 39 n
31 40 a
31 41 m
31 42 e
31 43 s
31 44  
31 45 w
31 46 i
31 47 t
31 48 h
31 49 o
31 50 u
31 51 t
31 52  
31 53 p
31 54 r
31 55 i
31 56 o
31 57 r
31 58  
31 59 w
31 60 r
31 61 i
31 62 t
31 63 t
31 64 e
31 65 n
31 66 
31 67 

32 0  
32 1 *
32 2  
32 3  
32 4  
32 5  
32 6 p
32 7 e
32 8 r
32 9 m
32 10 i
32 11 s
32 12 s
32 13 i
32 14 o
32 15 n
32 16  
32 17 o
32 18 f
32 19  
32 20 t
32 21 h
32 22 e
32 23  
32 24 A
32 25 p
32 26 a
32 27 c
32 28 h
32 29 e
32 30  
32 31 G
32 32 r
32 33 o
32 34 u
32 35 p
32 36 .
32 37 
32 38 

33 0  
33 1 *
33 2 
33 3 

34 0  
34 1 *
34 2  
34 3 T
34 4 H
34 5 I
34 6 S
34 7  
34 8 S
34 9 O
34 10 F
34 11 T
34 12 W
34 13 A
34 14 R
34 15 E
34 16  
34 17 I
34 18 S
34 19  
34 20 P
34 21 R
34 22 O
34 23 V
34 24 I
34 25 D
34 26 E
34 27 D
34 28  
34 29 `
34 30 `
34 31 A
34 32 S
34 33  
34 34 I
34 35 S
34 36 '
34 37 '
34 38  
34 39 A
34 40 N
34 41 D
34 42  
34 43 A
34 44 N
34 45 Y
34 46  
34 47 E
34 48 X
34 49 P
34 50 R
34 51 E
34 52 S
34 53 S
34 54 E
34 55 D
34 56  
34 57 O
34 58 R
34 59  
34 60 I
34 61 M
34 62 P
34 63 L
34 64 I
34 65 E
34 66 D
34 67 
34 68 

35 0  
35 1 *
35 2  
35 3 W
35 4 A
35 5 R
35 6 R
35 7 A
35 8 N
35 9 T
35 10 I
35 11 E
35 12 S
35 13 ,
35 14  
35 15 I
35 16 N
35 17 C
35 18 L
35 19 U
35 20 D
35 21 I
35 22 N
35 23 G
35 24 ,
35 25  
35 26 B
35 27 U
35 28 T
35 29  
35 30 N
35 31 O
35 32 T
35 33  
35 34 L
35 35 I
35 36 M
35 37 I
35 38 T
35 39 E
35 40 D
35 41  
35 42 T
35 43 O
35 44 ,
35 45  
35 46 T
35 47 H
35 48 E
35 49  
35 50 I
35 51 M
35 52 P
35 53 L
35 54 I
35 55 E
35 56 D
35 57  
35 58 W
35 59 A
35 60 R
35 61 R
35 62 A
35 63 N
35 64 T
35 65 I
35 66 E
35 67 S
35 68 
35 69 

36 0  
36 1 *
36 2  
36 3 O
36 4 F
36 5  
36 6 M
36 7 E
36 8 R
36 9 C
36 10 H
36 11 A
36 12 N
36 13 T
36 14 A
36 15 B
36 16 I
36 17 L
36 18 I
36 19 T
36 20 Y
36 21  
36 22 A
36 23 N
36 24 D
36 25  
36 26 F
36 27 I
36 28 T
36 29 N
36 30 E
36 31 S
36 32 S
36 33  
36 34 F
36 35 O
36 36 R
36 37  
36 38 A
36 39  
36 40 P
36 41 A
36 42 R
36 43 T
36 44 I
36 45 C
36 46 U
36 47 L
36 48 A
36 49 R
36 50  
36 51 P
36 52 U
36 53 R
36 54 P
36 55 O
36 56 S
36 57 E
36 58  
36 59 A
36 60 R
36 61 E
36 62 
36 63 

37 0  
37 1 *
37 2  
37 3 D
37 4 I
37 5 S
37 6 C
37 7 L
37 8 A
37 9 I
37 10 M
37 11 E
37 12 D
37 13 .
37 14  
37 15  
37 16 I
37 17 N
37 18  
37 19 N
37 20 O
37 21  
37 22 E
37 23 V
37 24 E
37 25 N
37 26 T
37 27  
37 28 S
37 29 H
37 30 A
37 31 L
37 32 L
37 33  
37 34 T
37 35 H
37 36 E
37 37  
37 38 A
37 39 P
37 40 A
37 41 C
37 42 H
37 43 E
37 44  
37 45 S
37 46 O
37 47 F
37 48 T
37 49 W
37 50 A
37 51 R
37 52 E
37 53  
37 54 F
37 55 O
37 56 U
37 57 N
37 58 D
37 59 A
37 60 T
37 61 I
37 62 O
37 63 N
37 64  
37 65 O
37 66 R
37 67 
37 68 

38 0  
38 1 *
38 2  
38 3 I
38 4 T
38 5 S
38 6  
38 7 C
38 8 O
38 9 N
38 10 T
38 11 R
38 12 I
38 13 B
38 14 U
38 15 T
38 16 O
38 17 R
38 18 S
38 19  
38 20 B
38 21 E
38 22  
38 23 L
38 24 I
38 25 A
38 26 B
38 27 L
38 28 E
38 29  
38 30 F
38 31 O
38 32 R
38 33  
38 34 A
38 35 N
38 36 Y
38 37  
38 38 D
38 39 I
38 40 R
38 41 E
38 42 C
38 43 T
38 44 ,
38 45  
38 46 I
38 47 N
38 48 D
38 49 I
38 50 R
38 51 E
38 52 C
38 53 T
38 54 ,
38 55  
38 56 I
38 57 N
38 58 C
38 59 I
38 60 D
38 61 E
38 62 N
38 63 T
38 64 A
38 65 L
38 66 ,
38 67 
38 68 

39 0  
39 1 *
39 2  
39 3 S
39 4 P
39 5 E
39 6 C
39 7 I
39 8 A
39 9 L
39 10 ,
39 11  
39 12 E
39 13 X
39 14 E
39 15 M
39 16 P
39 17 L
39 18 A
39 19 R
39 20 Y
39 21 ,
39 22  
39 23 O
39 24 R
39 25  
39 26 C
39 27 O
39 28 N
39 29 S
39 30 E
39 31 Q
39 32 U
39 33 E
39 34 N
39 35 T
39 36 I
39 37 A
39 38 L
39 39  
39 40 D
39 41 A
39 42 M
39 43 A
39 44 G
39 45 E
39 46 S
39 47  
39 48 (
39 49 I
39 50 N
39 51 C
39 52 L
39 53 U
39 54 D
39 55 I
39 56 N
39 57 G
39 58 ,
39 59  
39 60 B
39 61 U
39 62 T
39 63  
39 64 N
39 65 O
39 66 T
39 67 
39 68 

40 0  
40 1 *
40 2  
40 3 L
40 4 I
40 5 M
40 6 I
40 7 T
40 8 E
40 9 D
40 10  
40 11 T
40 12 O
40 13 ,
40 14  
40 15 P
40 16 R
40 17 O
40 18 C
40 19 U
40 20 R
40 21 E
40 22 M
40 23 E
40 24 N
40 25 T
40 26  
40 27 O
40 28 F
40 29  
40 30 S
40 31 U
40 32 B
40 33 S
40 34 T
40 35 I
40 36 T
40 37 U
40 38 T
40 39 E
40 40  
40 41 G
40 42 O
40 43 O
40 44 D
40 45 S
40 46  
40 47 O
40 48 R
40 49  
40 50 S
40 51 E
40 52 R
40 53 V
40 54 I
40 55 C
40 56 E
40 57 S
40 58 ;
40 59  
40 60 L
40 61 O
40 62 S
40 63 S
40 64  
40 65 O
40 66 F
40 67 
40 68 

41 0  
41 1 *
41 2  
41 3 U
41 4 S
41 5 E
41 6 ,
41 7  
41 8 D
41 9 A
41 10 T
41 11 A
41 12 ,
41 13  
41 14 O
41 15 R
41 16  
41 17 P
41 18 R
41 19 O
41 20 F
41 21 I
41 22 T
41 23 S
41 24 ;
41 25  
41 26 O
41 27 R
41 28  
41 29 B
41 30 U
41 31 S
41 32 I
41 33 N
41 34 E
41 35 S
41 36 S
41 37  
41 38 I
41 39 N
41 40 T
41 41 E
41 42 R
41 43 R
41 44 U
41 45 P
41 46 T
41 47 I
41 48 O
41 49 N
41 50 )
41 51  
41 52 H
41 53 O
41 54 W
41 55 E
41 56 V
41 57 E
41 58 R
41 59  
41 60 C
41 61 A
41 62 U
41 63 S
41 64 E
41 65 D
41 66  
41 67 A
41 68 N
41 69 D
41 70 
41 71 

42 0  
42 1 *
42 2  
42 3 O
42 4 N
42 5  
42 6 A
42 7 N
42 8 Y
42 9  
42 10 T
42 11 H
42 12 E
42 13 O
42 14 R
42 15 Y
42 16  
42 17 O
42 18 F
42 19  
42 20 L
42 21 I
42 22 A
42 23 B
42 24 I
42 25 L
42 26 I
42 27 T
42 28 Y
42 29 ,
42 30  
42 31 W
42 32 H
42 33 E
42 34 T
42 35 H
42 36 E
42 37 R
42 38  
42 39 I
42 40 N
42 41  
42 42 C
42 43 O
42 44 N
42 45 T
42 46 R
42 47 A
42 48 C
42 49 T
42 50 ,
42 51  
42 52 S
42 53 T
42 54 R
42 55 I
42 56 C
42 57 T
42 58  
42 59 L
42 60 I
42 61 A
42 62 B
42 63 I
42 64 L
42 65 I
42 66 T
42 67 Y
42 68 ,
42 69 
42 70 

43 0  
43 1 *
43 2  
43 3 O
43 4 R
43 5  
43 6 T
43 7 O
43 8 R
43 9 T
43 10  
43 11 (
43 12 I
43 13 N
43 14 C
43 15 L
43 16 U
43 17 D
43 18 I
43 19 N
43 20 G
43 21  
43 22 N
43 23 E
43 24 G
43 25 L
43 26 I
43 27 G
43 28 E
43 29 N
43 30 C
43 31 E
43 32  
43 33 O
43 34 R
43 35  
43 36 O
43 37 T
43 38 H
43 39 E
43 40 R
43 41 W
43 42 I
43 43 S
43 44 E
43 45 )
43 46  
43 47 A
43 48 R
43 49 I
43 50 S
43 51 I
43 52 N
43 53 G
43 54  
43 55 I
43 56 N
43 57  
43 58 A
43 59 N
43 60 Y
43 61  
43 62 W
43 63 A
43 64 Y
43 65  
43 66 O
43 67 U
43 68 T
43 69 
43 70 

44 0  
44 1 *
44 2  
44 3 O
44 4 F
44 5  
44 6 T
44 7 H
44 8 E
44 9  
44 10 U
44 11 S
44 12 E
44 13  
44 14 O
44 15 F
44 16  
44 17 T
44 18 H
44 19 I
44 20 S
44 21  
44 22 S
44 23 O
44 24 F
44 25 T
44 26 W
44 27 A
44 28 R
44 29 E
44 30 ,
44 31  
44 32 E
44 33 V
44 34 E
44 35 N
44 36  
44 37 I
44 38 F
44 39  
44 40 A
44 41 D
44 42 V
44 43 I
44 44 S
44 45 E
44 46 D
44 47  
44 48 O
44 49 F
44 50  
44 51 T
44 52 H
44 53 E
44 54  
44 55 P
44 56 O
44 57 S
44 58 S
44 59 I
44 60 B
44 61 I
44 62 L
44 63 I
44 64 T
44 65 Y
44 66  
44 67 O
44 68 F
44 69 
44 70 

45 0  
45 1 *
45 2  
45 3 S
45 4 U
45 5 C
45 6 H
45 7  
45 8 D
45 9 A
45 10 M
45 11 A
45 12 G
45 13 E
45 14 .
45 15 
45 16 

46 0  
46 1 *
46 2  
46 3 =
46 4 =
46 5 =
46 6 =
46 7 =
46 8 =
46 9 =
46 10 =
46 11 =
46 12 =
46 13 =
46 14 =
46 15 =
46 16 =
46 17 =
46 18 =
46 19 =
46 20 =
46 21 =
46 22 =
46 23 =
46 24 =
46 25 =
46 26 =
46 27 =
46 28 =
46 29 =
46 30 =
46 31 =
46 32 =
46 33 =
46 34 =
46 35 =
46 36 =
46 37 =
46 38 =
46 39 =
46 40 =
46 41 =
46 42 =
46 43 =
46 44 =
46 45 =
46 46 =
46 47 =
46 48 =
46 49 =
46 50 =
46 51 =
46 52 =
46 53 =
46 54 =
46 55 =
46 56 =
46 57 =
46 58 =
46 59 =
46 60 =
46 61 =
46 62 =
46 63 =
46 64 =
46 65 =
46 66 =
46 67 =
46 68 =
46 69 =
46 70 =
46 71 
46 72 

47 0  
47 1 *
47 2 
47 3 

48 0  
48 1 *
48 2  
48 3 T
48 4 h
48 5 i
48 6 s
48 7  
48 8 s
48 9 o
48 10 f
48 11 t
48 12 w
48 13 a
48 14 r
48 15 e
48 16  
48 17 c
48 18 o
48 19 n
48 20 s
48 21 i
48 22 s
48 23 t
48 24 s
48 25  
48 26 o
48 27 f
48 28  
48 29 v
48 30 o
48 31 l
48 32 u
48 33 n
48 34 t
48 35 a
48 36 r
48 37 y
48 38  
48 39 c
48 40 o
48 41 n
48 42 t
48 43 r
48 44 i
48 45 b
48 46 u
48 47 t
48 48 i
48 49 o
48 50 n
48 51 s
48 52  
48 53 m
48 54 a
48 55 d
48 56 e
48 57  
48 58 b
48 59 y
48 60  
48 61 m
48 62 a
48 63 n
48 64 y
48 65 
48 66 

49 0  
49 1 *
49 2  
49 3 i
49 4 n
49 5 d
49 6 i
49 7 v
49 8 i
49 9 d
49 10 u
49 11 a
49 12 l
49 13 s
49 14  
49 15 o
49 16 n
49 17  
49 18 b
49 19 e
49 20 h
49 21 a
49 22 l
49 23 f
49 24  
49 25 o
49 26 f
49 27  
49 28 t
49 29 h
49 30 e
49 31  
49 32 A
49 33 p
49 34 a
49 35 c
49 36 h
49 37 e
49 38  
49 39 S
49 40 o
49 41 f
49 42 t
49 43 w
49 44 a
49 45 r
49 46 e
49 47  
49 48 F
49 49 o
49 50 u
49 51 n
49 52 d
49 53 a
49 54 t
49 55 i
49 56 o
49 57 n
49 58 .
49 59  
49 60  
49 61 F
49 62 o
49 63 r
49 64  
49 65 m
49 66 o
49 67 r
49 68 e
49 69 
49 70 

50 0  
50 1 *
50 2  
50 3 i
50 4 n
50 5 f
50 6 o
50 7 r
50 8 m
50 9 a
50 10 t
50 11 i
50 12 o
50 13 n
50 14  
50 15 o
50 16 n
50 17  
50 18 t
50 19 h
50 20 e
50 21  
50 22 A
50 23 p
50 24 a
50 25 c
50 26 h
50 27 e
50 28  
50 29 S
50 30 o
50 31 f
50 32 t
50 33 w
50 34 a
50 35 r
50 36 e
50 37  
50 38 F
50 39 o
50 40 u
50 41 n
50 42 d
50 43 a
50 44 t
50 45 i
50 46 o
50 47 n
50 48 ,
50 49  
50 50 p
50 51 l
50 52 e
50 53 a
50 54 s
50 55 e
50 56  
50 57 s
50 58 e
50 59 e
50 60 
50 61 

51 0  
51 1 *
51 2  
51 3 <
51 4 h
51 5 t
51 6 t
51 7 p
51 8 :
51 9 /
51 10 /
51 11 w
51 12 w
51 13 w
51 14 .
51 15 a
51 16 p
51 17 a
51 18 c
51 19 h
51 20 e
51 21 .
51 22 o
51 23 r
51 24 g
51 25 /
51 26 >
51 27 .
51 28 
51 29 

52 0  
52 1 *
52 2 /
52 3 
52 4 

53 0 p
53 1 a
53 2 c
53 3 k
53 4 a
53 5 g
53 6 e
53 7  
53 8 o
53 9 r
53 10 g
53 11 .
53 12 a
53 13 p
53 14 a
53 15 c
53 16 h
53 17 e
53 18 .
53 19 c
53 20 o
53 21 m
53 22 m
53 23 o
53 24 n
53 25 s
53 26 .
53 27 l
53 28 a
53 29 n
53 30 g
53 31 ;
53 32 
53 33 

54 0 
54 1 

55 0 i
55 1 m
55 2 p
55 3 o
55 4 r
55 5 t
55 6  
55 7 j
55 8 a
55 9 v
55 10 a
55 11 .
55 12 t
55 13 e
55 14 x
55 15 t
55 16 .
55 17 C
55 18 h
55 19 o
55 20 i
55 21 c
55 22 e
55 23 F
55 24 o
55 25 r
55 26 m
55 27 a
55 28 t
55 29 ;
55 30 
55 31 

56 0 i
56 1 m
56 2 p
56 3 o
56 4 r
56 5 t
56 6  
56 7 j
56 8 a
56 9 v
56 10 a
56 11 .
56 12 t
56 13 e
56 14 x
56 15 t
56 16 .
56 17 D
56 18 a
56 19 t
56 20 e
56 21 F
56 22 o
56 23 r
56 24 m
56 25 a
56 26 t
56 27 ;
56 28 
56 29 

57 0 i
57 1 m
57 2 p
57 3 o
57 4 r
57 5 t
57 6  
57 7 j
57 8 a
57 9 v
57 10 a
57 11 .
57 12 t
57 13 e
57 14 x
57 15 t
57 16 .
57 17 M
57 18 e
57 19 s
57 20 s
57 21 a
57 22 g
57 23 e
57 24 F
57 25 o
57 26 r
57 27 m
57 28 a
57 29 t
57 30 ;
57 31 
57 32 

58 0 i
58 1 m
58 2 p
58 3 o
58 4 r
58 5 t
58 6  
58 7 j
58 8 a
58 9 v
58 10 a
58 11 .
58 12 t
58 13 e
58 14 x
58 15 t
58 16 .
58 17 S
58 18 i
58 19 m
58 20 p
58 21 l
58 22 e
58 23 D
58 24 a
58 25 t
58 26 e
58 27 F
58 28 o
58 29 r
58 30 m
58 31 a
58 32 t
58 33 ;
58 34 
58 35 

59 0 i
59 1 m
59 2 p
59 3 o
59 4 r
59 5 t
59 6  
59 7 j
59 8 a
59 9 v
59 10 a
59 11 .
59 12 u
59 13 t
59 14 i
59 15 l
59 16 .
59 17 C
59 18 a
59 19 l
59 20 e
59 21 n
59 22 d
59 23 a
59 24 r
59 25 ;
59 26 
59 27 

60 0 i
60 1 m
60 2 p
60 3 o
60 4 r
60 5 t
60 6  
60 7 j
60 8 a
60 9 v
60 10 a
60 11 .
60 12 u
60 13 t
60 14 i
60 15 l
60 16 .
60 17 D
60 18 a
60 19 t
60 20 e
60 21 ;
60 22 
60 23 

61 0 i
61 1 m
61 2 p
61 3 o
61 4 r
61 5 t
61 6  
61 7 j
61 8 a
61 9 v
61 10 a
61 11 .
61 12 u
61 13 t
61 14 i
61 15 l
61 16 .
61 17 L
61 18 o
61 19 c
61 20 a
61 21 l
61 22 e
61 23 ;
61 24 
61 25 

62 0 i
62 1 m
62 2 p
62 3 o
62 4 r
62 5 t
62 6  
62 7 j
62 8 a
62 9 v
62 10 a
62 11 .
62 12 u
62 13 t
62 14 i
62 15 l
62 16 .
62 17 T
62 18 i
62 19 m
62 20 e
62 21 Z
62 22 o
62 23 n
62 24 e
62 25 ;
62 26 
62 27 

63 0 
63 1 

64 0 /
64 1 *
64 2 *
64 3 
64 4 

65 0  
65 1 *
65 2  
65 3 H
65 4 e
65 5 l
65 6 p
65 7 e
65 8 r
65 9  
65 10 m
65 11 e
65 12 t
65 13 h
65 14 o
65 15 d
65 16 s
65 17  
65 18 t
65 19 o
65 20  
65 21 d
65 22 e
65 23 a
65 24 l
65 25  
65 26 w
65 27 i
65 28 t
65 29 h
65 30  
65 31 d
65 32 a
65 33 t
65 34 e
65 35 /
65 36 t
65 37 i
65 38 m
65 39 e
65 40  
65 41 f
65 42 o
65 43 r
65 44 m
65 45 a
65 46 t
65 47 t
65 48 i
65 49 n
65 50 g
65 51 .
65 52  
65 53 [
65 54 R
65 55 e
65 56 l
65 57 i
65 58 e
65 59 s
65 60  
65 61 h
65 62 e
65 63 a
65 64 v
65 65 i
65 66 l
65 67 y
65 68  
65 69 o
65 70 n
65 71 
65 72 

66 0  
66 1 *
66 2  
66 3 c
66 4 o
66 5 d
66 6 e
66 7  
66 8 t
66 9 a
66 10 k
66 11 e
66 12 n
66 13  
66 14 f
66 15 r
66 16 o
66 17 m
66 18  
66 19 t
66 20 h
66 21 e
66 22  
66 23 D
66 24 a
66 25 t
66 26 e
66 27 U
66 28 t
66 29 i
66 30 l
66 31 s
66 32  
66 33 c
66 34 l
66 35 a
66 36 s
66 37 s
66 38  
66 39 o
66 40 f
66 41  
66 42 t
66 43 h
66 44 e
66 45  
66 46 j
66 47 a
66 48 k
66 49 a
66 50 r
66 51 a
66 52 t
66 53 a
66 54 -
66 55 a
66 56 n
66 57 t
66 58  
66 59 p
66 60 r
66 61 o
66 62 j
66 63 e
66 64 c
66 65 t
66 66 .
66 67 ]
66 68 
66 69 

67 0  
67 1 *
67 2 
67 3 

68 0  
68 1 *
68 2  
68 3 @
68 4 a
68 5 u
68 6 t
68 7 h
68 8 o
68 9 r
68 10  
68 11 <
68 12 a
68 13  
68 14 h
68 15 r
68 16 e
68 17 f
68 18 =
68 19 "
68 20 m
68 21 a
68 22 i
68 23 l
68 24 t
68 25 o
68 26 :
68 27 s
68 28 b
68 29 a
68 30 i
68 31 l
68 32 l
68 33 i
68 34 e
68 35 z
68 36 @
68 37 a
68 38 p
68 39 a
68 40 c
68 41 h
68 42 e
68 43 .
68 44 o
68 45 r
68 46 g
68 47 "
68 48 >
68 49 S
68 50 t
68 51 e
68 52 p
68 53 h
68 54 a
68 55 n
68 56 e
68 57  
68 58 B
68 59 a
68 60 i
68 61 l
68 62 l
68 63 i
68 64 e
68 65 z
68 66 <
68 67 /
68 68 a
68 69 >
68 70 
68 71 

69 0  
69 1 *
69 2  
69 3 @
69 4 a
69 5 u
69 6 t
69 7 h
69 8 o
69 9 r
69 10  
69 11 <
69 12 a
69 13  
69 14 h
69 15 r
69 16 e
69 17 f
69 18 =
69 19 "
69 20 m
69 21 a
69 22 i
69 23 l
69 24 t
69 25 o
69 26 :
69 27 s
69 28 t
69 29 e
69 30 f
69 31 a
69 32 n
69 33 .
69 34 b
69 35 o
69 36 d
69 37 e
69 38 w
69 39 i
69 40 g
69 41 @
69 42 e
69 43 p
69 44 o
69 45 s
69 46 t
69 47 .
69 48 d
69 49 e
69 50 "
69 51 >
69 52 S
69 53 t
69 54 e
69 55 f
69 56 a
69 57 n
69 58  
69 59 B
69 60 o
69 61 d
69 62 e
69 63 w
69 64 i
69 65 g
69 66 <
69 67 /
69 68 a
69 69 >
69 70 
69 71 

70 0  
70 1 *
70 2 
70 3 

71 0  
71 1 *
71 2  
71 3 @
71 4 s
71 5 i
71 6 n
71 7 c
71 8 e
71 9  
71 10 L
71 11 a
71 12 n
71 13 g
71 14  
71 15 2
71 16 .
71 17 0
71 18 
71 19 

72 0  
72 1 *
72 2 
72 3 

73 0  
73 1 *
73 2  
73 3 @
73 4 v
73 5 e
73 6 r
73 7 s
73 8 i
73 9 o
73 10 n
73 11  
73 12 $
73 13 R
73 14 e
73 15 v
73 16 i
73 17 s
73 18 i
73 19 o
73 20 n
73 21 :
73 22  
73 23 1
73 24 .
73 25 1
73 26  
73 27 $
73 28 
73 29 

74 0  
74 1 *
74 2 /
74 3 
74 4 

75 0 p
75 1 u
75 2 b
75 3 l
75 4 i
75 5 c
75 6  
75 7 f
75 8 i
75 9 n
75 10 a
75 11 l
75 12  
75 13 c
75 14 l
75 15 a
75 16 s
75 17 s
75 18  
75 19 D
75 20 a
75 21 t
75 22 e
75 23 U
75 24 t
75 25 i
75 26 l
75 27 s
75 28  
75 29 {
75 30 
75 31 

76 0 
76 1 

77 0  
77 1  
77 2  
77 3  
77 4 /
77 5 *
77 6 *
77 7 
77 8 

78 0  
78 1  
78 2  
78 3  
78 4  
78 5 *
78 6  
78 7 I
78 8 S
78 9 O
78 10 8
78 11 6
78 12 0
78 13 1
78 14 -
78 15 l
78 16 i
78 17 k
78 18 e
78 19  
78 20 p
78 21 a
78 22 t
78 23 t
78 24 e
78 25 r
78 26 n
78 27  
78 28 f
78 29 o
78 30 r
78 31  
78 32 d
78 33 a
78 34 t
78 35 e
78 36 -
78 37 t
78 38 i
78 39 m
78 40 e
78 41 .
78 42  
78 43 I
78 44 t
78 45  
78 46 d
78 47 o
78 48 e
78 49 s
78 50  
78 51 n
78 52 o
78 53 t
78 54  
78 55 s
78 56 u
78 57 p
78 58 p
78 59 o
78 60 r
78 61 t
78 62  
78 63 t
78 64 i
78 65 m
78 66 e
78 67 z
78 68 o
78 69 n
78 70 e
78 71 .
78 72 
78 73 

79 0  
79 1  
79 2  
79 3  
79 4  
79 5 *
79 6  
79 7  
79 8 <
79 9 t
79 10 t
79 11 >
79 12 y
79 13 y
79 14 y
79 15 y
79 16 -
79 17 M
79 18 M
79 19 -
79 20 d
79 21 d
79 22 T
79 23 H
79 24 H
79 25 :
79 26 m
79 27 m
79 28 :
79 29 s
79 30 s
79 31 <
79 32 /
79 33 t
79 34 t
79 35 >
79 36 
79 37 

80 0  
80 1  
80 2  
80 3  
80 4  
80 5 *
80 6 /
80 7 
80 8 

81 0  
81 1  
81 2  
81 3  
81 4 p
81 5 u
81 6 b
81 7 l
81 8 i
81 9 c
81 10  
81 11 s
81 12 t
81 13 a
81 14 t
81 15 i
81 16 c
81 17  
81 18 f
81 19 i
81 20 n
81 21 a
81 22 l
81 23  
81 24 S
81 25 t
81 26 r
81 27 i
81 28 n
81 29 g
81 30  
81 31 I
81 32 S
81 33 O
81 34 8
81 35 6
81 36 0
81 37 1
81 38 _
81 39 D
81 40 A
81 41 T
81 42 E
81 43 T
81 44 I
81 45 M
81 46 E
81 47 _
81 48 P
81 49 A
81 50 T
81 51 T
81 52 E
81 53 R
81 54 N
81 55 
81 56 

82 0  
82 1  
82 2  
82 3  
82 4  
82 5  
82 6  
82 7  
82 8  
82 9  
82 10  
82 11  
82 12 =
82 13  
82 14 "
82 15 y
82 16 y
82 17 y
82 18 y
82 19 -
82 20 M
82 21 M
82 22 -
82 23 d
82 24 d
82 25 '
82 26 T
82 27 '
82 28 H
82 29 H
82 30 :
82 31 m
82 32 m
82 33 :
82 34 s
82 35 s
82 36 "
82 37 ;
82 38 
82 39 

83 0 
83 1 

84 0  
84 1  
84 2  
84 3  
84 4 /
84 5 *
84 6 *
84 7 
84 8 

85 0  
85 1  
85 2  
85 3  
85 4  
85 5 *
85 6  
85 7 I
85 8 S
85 9 O
85 10 8
85 11 6
85 12 0
85 13 1
85 14 -
85 15 l
85 16 i
85 17 k
85 18 e
85 19  
85 20 p
85 21 a
85 22 t
85 23 t
85 24 e
85 25 r
85 26 n
85 27  
85 28 f
85 29 o
85 30 r
85 31  
85 32 d
85 33 a
85 34 t
85 35 e
85 36 .
85 37  
85 38 <
85 39 t
85 40 t
85 41 >
85 42 y
85 43 y
85 44 y
85 45 y
85 46 -
85 47 M
85 48 M
85 49 -
85 50 d
85 51 d
85 52 <
85 53 /
85 54 t
85 55 t
85 56 >
85 57 
85 58 

86 0  
86 1  
86 2  
86 3  
86 4  
86 5 *
86 6 /
86 7 
86 8 

87 0  
87 1  
87 2  
87 3  
87 4 p
87 5 u
87 6 b
87 7 l
87 8 i
87 9 c
87 10  
87 11 s
87 12 t
87 13 a
87 14 t
87 15 i
87 16 c
87 17  
87 18 f
87 19 i
87 20 n
87 21 a
87 22 l
87 23  
87 24 S
87 25 t
87 26 r
87 27 i
87 28 n
87 29 g
87 30  
87 31 I
87 32 S
87 33 O
87 34 8
87 35 6
87 36 0
87 37 1
87 38 _
87 39 D
87 40 A
87 41 T
87 42 E
87 43 _
87 44 P
87 45 A
87 46 T
87 47 T
87 48 E
87 49 R
87 50 N
87 51 
87 52 

88 0  
88 1  
88 2  
88 3  
88 4  
88 5  
88 6  
88 7  
88 8  
88 9  
88 10  
88 11  
88 12 =
88 13  
88 14 "
88 15 y
88 16 y
88 17 y
88 18 y
88 19 -
88 20 M
88 21 M
88 22 -
88 23 d
88 24 d
88 25 "
88 26 ;
88 27 
88 28 

89 0 
89 1 

90 0  
90 1  
90 2  
90 3  
90 4 /
90 5 *
90 6 *
90 7 
90 8 

91 0  
91 1  
91 2  
91 3  
91 4  
91 5 *
91 6  
91 7 I
91 8 S
91 9 O
91 10 8
91 11 6
91 12 0
91 13 1
91 14 -
91 15 l
91 16 i
91 17 k
91 18 e
91 19  
91 20 p
91 21 a
91 22 t
91 23 t
91 24 e
91 25 r
91 26 n
91 27  
91 28 f
91 29 o
91 30 r
91 31  
91 32 t
91 33 i
91 34 m
91 35 e
91 36 .
91 37  
91 38  
91 39 <
91 40 t
91 41 t
91 42 >
91 43 H
91 44 H
91 45 :
91 46 m
91 47 m
91 48 :
91 49 s
91 50 s
91 51 <
91 52 /
91 53 t
91 54 t
91 55 >
91 56 
91 57 

92 0  
92 1  
92 2  
92 3  
92 4  
92 5 *
92 6 /
92 7 
92 8 

93 0  
93 1  
93 2  
93 3  
93 4 p
93 5 u
93 6 b
93 7 l
93 8 i
93 9 c
93 10  
93 11 s
93 12 t
93 13 a
93 14 t
93 15 i
93 16 c
93 17  
93 18 f
93 19 i
93 20 n
93 21 a
93 22 l
93 23  
93 24 S
93 25 t
93 26 r
93 27 i
93 28 n
93 29 g
93 30  
93 31 I
93 32 S
93 33 O
93 34 8
93 35 6
93 36 0
93 37 1
93 38 _
93 39 T
93 40 I
93 41 M
93 42 E
93 43 _
93 44 P
93 45 A
93 46 T
93 47 T
93 48 E
93 49 R
93 50 N
93 51 
93 52 

94 0  
94 1  
94 2  
94 3  
94 4  
94 5  
94 6  
94 7  
94 8  
94 9  
94 10  
94 11  
94 12 =
94 13  
94 14 "
94 15 H
94 16 H
94 17 :
94 18 m
94 19 m
94 20 :
94 21 s
94 22 s
94 23 "
94 24 ;
94 25 
94 26 

95 0 
95 1 

96 0  
96 1  
96 2  
96 3  
96 4 /
96 5 *
96 6 *
96 7 
96 8 

97 0  
97 1  
97 2  
97 3  
97 4  
97 5 *
97 6  
97 7 F
97 8 o
97 9 r
97 10 m
97 11 a
97 12 t
97 13  
97 14 u
97 15 s
97 16 e
97 17 d
97 18  
97 19 f
97 20 o
97 21 r
97 22  
97 23 S
97 24 M
97 25 T
97 26 P
97 27  
97 28 (
97 29 a
97 30 n
97 31 d
97 32  
97 33 p
97 34 r
97 35 o
97 36 b
97 37 a
97 38 b
97 39 l
97 40 y
97 41  
97 42 o
97 43 t
97 44 h
97 45 e
97 46 r
97 47 )
97 48  
97 49 D
97 50 a
97 51 t
97 52 e
97 53  
97 54 h
97 55 e
97 56 a
97 57 d
97 58 e
97 59 r
97 60 s
97 61 .
97 62 
97 63 

98 0  
98 1  
98 2  
98 3  
98 4  
98 5 *
98 6 /
98 7 
98 8 

99 0  
99 1  
99 2  
99 3  
99 4 p
99 5 u
99 6 b
99 7 l
99 8 i
99 9 c
99 10  
99 11 s
99 12 t
99 13 a
99 14 t
99 15 i
99 16 c
99 17  
99 18 f
99 19 i
99 20 n
99 21 a
99 22 l
99 23  
99 24 D
99 25 a
99 26 t
99 27 e
99 28 F
99 29 o
99 30 r
99 31 m
99 32 a
99 33 t
99 34  
99 35 D
99 36 A
99 37 T
99 38 E
99 39 _
99 40 H
99 41 E
99 42 A
99 43 D
99 44 E
99 45 R
99 46 _
99 47 F
99 48 O
99 49 R
99 50 M
99 51 A
99 52 T
99 53 
99 54 

100 0  
100 1  
100 2  
100 3  
100 4  
100 5  
100 6  
100 7  
100 8 =
100 9  
100 10 n
100 11 e
100 12 w
100 13  
100 14 S
100 15 i
100 16 m
100 17 p
100 18 l
100 19 e
100 20 D
100 21 a
100 22 t
100 23 e
100 24 F
100 25 o
100 26 r
100 27 m
100 28 a
100 29 t
100 30 (
100 31 "
100 32 E
100 33 E
100 34 E
100 35 ,
100 36  
100 37 d
100 38 d
100 39  
100 40 M
100 41 M
100 42 M
100 43  
100 44 y
100 45 y
100 46 y
100 47 y
100 48  
100 49 H
100 50 H
100 51 :
100 52 m
100 53 m
100 54 :
100 55 s
100 56 s
100 57  
100 58 "
100 59 ,
100 60  
100 61 L
100 62 o
100 63 c
100 64 a
100 65 l
100 66 e
100 67 .
100 68 U
100 69 S
100 70 )
100 71 ;
100 72 
100 73 

101 0 
101 1 

102 0 
102 1 

103 0 /
103 1 /
103 2  
103 3 c
103 4 o
103 5 d
103 6 e
103 7  
103 8 f
103 9 r
103 10 o
103 11 m
103 12  
103 13 M
103 14 a
103 15 g
103 16 e
103 17 s
103 18 h
103 19  
103 20 m
103 21 o
103 22 v
103 23 e
103 24 d
103 25  
103 26 f
103 27 r
103 28 o
103 29 m
103 30  
103 31 D
103 32 e
103 33 f
103 34 a
103 35 u
103 36 l
103 37 t
103 38 L
103 39 o
103 40 g
103 41 g
103 42 e
103 43 r
103 44  
103 45 a
103 46 n
103 47 d
103 48  
103 49 s
103 50 l
103 51 i
103 52 g
103 53 h
103 54 t
103 55 l
103 56 y
103 57  
103 58 m
103 59 o
103 60 d
103 61 i
103 62 f
103 63 i
103 64 e
103 65 d
103 66 
103 67 

104 0  
104 1  
104 2  
104 3  
104 4 p
104 5 r
104 6 i
104 7 v
104 8 a
104 9 t
104 10 e
104 11  
104 12 s
104 13 t
104 14 a
104 15 t
104 16 i
104 17 c
104 18  
104 19 f
104 20 i
104 21 n
104 22 a
104 23 l
104 24  
104 25 M
104 26 e
104 27 s
104 28 s
104 29 a
104 30 g
104 31 e
104 32 F
104 33 o
104 34 r
104 35 m
104 36 a
104 37 t
104 38  
104 39 M
104 40 I
104 41 N
104 42 U
104 43 T
104 44 E
104 45 _
104 46 S
104 47 E
104 48 C
104 49 O
104 50 N
104 51 D
104 52 S
104 53 
104 54 

105 0  
105 1  
105 2  
105 3  
105 4  
105 5  
105 6  
105 7  
105 8  
105 9  
105 10  
105 11  
105 12 =
105 13  
105 14 n
105 15 e
105 16 w
105 17  
105 18 M
105 19 e
105 20 s
105 21 s
105 22 a
105 23 g
105 24 e
105 25 F
105 26 o
105 27 r
105 28 m
105 29 a
105 30 t
105 31 (
105 32 "
105 33 {
105 34 0
105 35 }
105 36 {
105 37 1
105 38 }
105 39 "
105 40 )
105 41 ;
105 42 
105 43 

106 0 
106 1 

107 0  
107 1  
107 2  
107 3  
107 4 p
107 5 r
107 6 i
107 7 v
107 8 a
107 9 t
107 10 e
107 11  
107 12 s
107 13 t
107 14 a
107 15 t
107 16 i
107 17 c
107 18  
107 19 f
107 20 i
107 21 n
107 22 a
107 23 l
107 24  
107 25 d
107 26 o
107 27 u
107 28 b
107 29 l
107 30 e
107 31 [
107 32 ]
107 33  
107 34 L
107 35 I
107 36 M
107 37 I
107 38 T
107 39 S
107 40  
107 41 =
107 42  
107 43 {
107 44 0
107 45 ,
107 46  
107 47 1
107 48 ,
107 49  
107 50 2
107 51 }
107 52 ;
107 53 
107 54 

108 0 
108 1 

109 0  
109 1  
109 2  
109 3  
109 4 p
109 5 r
109 6 i
109 7 v
109 8 a
109 9 t
109 10 e
109 11  
109 12 s
109 13 t
109 14 a
109 15 t
109 16 i
109 17 c
109 18  
109 19 f
109 20 i
109 21 n
109 22 a
109 23 l
109 24  
109 25 S
109 26 t
109 27 r
109 28 i
109 29 n
109 30 g
109 31 [
109 32 ]
109 33  
109 34 M
109 35 I
109 36 N
109 37 U
109 38 T
109 39 E
109 40 S
109 41 _
109 42 P
109 43 A
109 44 R
109 45 T
109 46  
109 47 =
109 48 
109 49 

110 0  
110 1  
110 2  
110 3  
110 4  
110 5  
110 6  
110 7  
110 8  
110 9  
110 10  
110 11  
110 12 {
110 13 "
110 14 "
110 15 ,
110 16  
110 17 "
110 18 1
110 19  
110 20 m
110 21 i
110 22 n
110 23 u
110 24 t
110 25 e
110 26  
110 27 "
110 28 ,
110 29  
110 30 "
110 31 {
110 32 0
110 33 ,
110 34 n
110 35 u
110 36 m
110 37 b
110 38 e
110 39 r
110 40 }
110 41  
110 42 m
110 43 i
110 44 n
110 45 u
110 46 t
110 47 e
110 48 s
110 49  
110 50 "
110 51 }
110 52 ;
110 53 
110 54 

111 0 
111 1 

112 0  
112 1  
112 2  
112 3  
112 4 p
112 5 r
112 6 i
112 7 v
112 8 a
112 9 t
112 10 e
112 11  
112 12 s
112 13 t
112 14 a
112 15 t
112 16 i
112 17 c
112 18  
112 19 f
112 20 i
112 21 n
112 22 a
112 23 l
112 24  
112 25 S
112 26 t
112 27 r
112 28 i
112 29 n
112 30 g
112 31 [
112 32 ]
112 33  
112 34 S
112 35 E
112 36 C
112 37 O
112 38 N
112 39 D
112 40 S
112 41 _
112 42 P
112 43 A
112 44 R
112 45 T
112 46  
112 47 =
112 48 
112 49 

113 0  
113 1  
113 2  
113 3  
113 4  
113 5  
113 6  
113 7  
113 8  
113 9  
113 10  
113 11  
113 12 {
113 13 "
113 14 0
113 15  
113 16 s
113 17 e
113 18 c
113 19 o
113 20 n
113 21 d
113 22 s
113 23 "
113 24 ,
113 25  
113 26 "
113 27 1
113 28  
113 29 s
113 30 e
113 31 c
113 32 o
113 33 n
113 34 d
113 35 "
113 36 ,
113 37  
113 38 "
113 39 {
113 40 1
113 41 ,
113 42 n
113 43 u
113 44 m
113 45 b
113 46 e
113 47 r
113 48 }
113 49  
113 50 s
113 51 e
113 52 c
113 53 o
113 54 n
113 55 d
113 56 s
113 57 "
113 58 }
113 59 ;
113 60 
113 61 

114 0 
114 1 

115 0  
115 1  
115 2  
115 3  
115 4 p
115 5 r
115 6 i
115 7 v
115 8 a
115 9 t
115 10 e
115 11  
115 12 s
115 13 t
115 14 a
115 15 t
115 16 i
115 17 c
115 18  
115 19 f
115 20 i
115 21 n
115 22 a
115 23 l
115 24  
115 25 C
115 26 h
115 27 o
115 28 i
115 29 c
115 30 e
115 31 F
115 32 o
115 33 r
115 34 m
115 35 a
115 36 t
115 37  
115 38 M
115 39 I
115 40 N
115 41 U
115 42 T
115 43 E
115 44 S
115 45 _
115 46 F
115 47 O
115 48 R
115 49 M
115 50 A
115 51 T
115 52  
115 53 =
115 54 
115 55 

116 0  
116 1  
116 2  
116 3  
116 4  
116 5  
116 6  
116 7  
116 8  
116 9  
116 10  
116 11  
116 12 n
116 13 e
116 14 w
116 15  
116 16 C
116 17 h
116 18 o
116 19 i
116 20 c
116 21 e
116 22 F
116 23 o
116 24 r
116 25 m
116 26 a
116 27 t
116 28 (
116 29 L
116 30 I
116 31 M
116 32 I
116 33 T
116 34 S
116 35 ,
116 36  
116 37 M
116 38 I
116 39 N
116 40 U
116 41 T
116 42 E
116 43 S
116 44 _
116 45 P
116 46 A
116 47 R
116 48 T
116 49 )
116 50 ;
116 51 
116 52 

117 0 
117 1 

118 0  
118 1  
118 2  
118 3  
118 4 p
118 5 r
118 6 i
118 7 v
118 8 a
118 9 t
118 10 e
118 11  
118 12 s
118 13 t
118 14 a
118 15 t
118 16 i
118 17 c
118 18  
118 19 f
118 20 i
118 21 n
118 22 a
118 23 l
118 24  
118 25 C
118 26 h
118 27 o
118 28 i
118 29 c
118 30 e
118 31 F
118 32 o
118 33 r
118 34 m
118 35 a
118 36 t
118 37  
118 38 S
118 39 E
118 40 C
118 41 O
118 42 N
118 43 D
118 44 S
118 45 _
118 46 F
118 47 O
118 48 R
118 49 M
118 50 A
118 51 T
118 52  
118 53 =
118 54 
118 55 

119 0  
119 1  
119 2  
119 3  
119 4  
119 5  
119 6  
119 7  
119 8  
119 9  
119 10  
119 11  
119 12 n
119 13 e
119 14 w
119 15  
119 16 C
119 17 h
119 18 o
119 19 i
119 20 c
119 21 e
119 22 F
119 23 o
119 24 r
119 25 m
119 26 a
119 27 t
119 28 (
119 29 L
119 30 I
119 31 M
119 32 I
119 33 T
119 34 S
119 35 ,
119 36  
119 37 S
119 38 E
119 39 C
119 40 O
119 41 N
119 42 D
119 43 S
119 44 _
119 45 P
119 46 A
119 47 R
119 48 T
119 49 )
119 50 ;
119 51 
119 52 

120 0 
120 1 

121 0  
121 1  
121 2  
121 3  
121 4 s
121 5 t
121 6 a
121 7 t
121 8 i
121 9 c
121 10  
121 11 {
121 12 
121 13 

122 0  
122 1  
122 2  
122 3  
122 4  
122 5  
122 6  
122 7  
122 8 M
122 9 I
122 10 N
122 11 U
122 12 T
122 13 E
122 14 _
122 15 S
122 16 E
122 17 C
122 18 O
122 19 N
122 20 D
122 21 S
122 22 .
122 23 s
122 24 e
122 25 t
122 26 F
122 27 o
122 28 r
122 29 m
122 30 a
122 31 t
122 32 (
122 33 0
122 34 ,
122 35  
122 36 M
122 37 I
122 38 N
122 39 U
122 40 T
122 41 E
122 42 S
122 43 _
122 44 F
122 45 O
122 46 R
122 47 M
122 48 A
122 49 T
122 50 )
122 51 ;
122 52 
122 53 

123 0  
123 1  
123 2  
123 3  
123 4  
123 5  
123 6  
123 7  
123 8 M
123 9 I
123 10 N
123 11 U
123 12 T
123 13 E
123 14 _
123 15 S
123 16 E
123 17 C
123 18 O
123 19 N
123 20 D
123 21 S
123 22 .
123 23 s
123 24 e
123 25 t
123 26 F
123 27 o
123 28 r
123 29 m
123 30 a
123 31 t
123 32 (
123 33 1
123 34 ,
123 35  
123 36 S
123 37 E
123 38 C
123 39 O
123 40 N
123 41 D
123 42 S
123 43 _
123 44 F
123 45 O
123 46 R
123 47 M
123 48 A
123 49 T
123 50 )
123 51 ;
123 52 
123 53 

124 0  
124 1  
124 2  
124 3  
124 4 }
124 5 
124 6 

125 0 
125 1 

126 0  
126 1  
126 2  
126 3  
126 4 /
126 5 *
126 6 *
126 7  
126 8 p
126 9 u
126 10 b
126 11 l
126 12 i
126 13 c
126 14  
126 15 c
126 16 o
126 17 n
126 18 s
126 19 t
126 20 r
126 21 u
126 22 c
126 23 t
126 24 o
126 25 r
126 26  
126 27 *
126 28 /
126 29 
126 30 

127 0  
127 1  
127 2  
127 3  
127 4 /
127 5 /
127 6 /
127 7  
127 8 T
127 9 O
127 10 D
127 11 O
127 12 :
127 13  
127 14 I
127 15 n
127 16 s
127 17 e
127 18 r
127 19 t
127 20  
127 21 n
127 22 o
127 23 t
127 24 e
127 25  
127 26 t
127 27 h
127 28 a
127 29 t
127 30  
127 31 t
127 32 h
127 33 i
127 34 s
127 35  
127 36 s
127 37 h
127 38 o
127 39 u
127 40 l
127 41 d
127 42  
127 43 n
127 44 o
127 45 t
127 46  
127 47 b
127 48 e
127 49  
127 50 u
127 51 s
127 52 e
127 53 d
127 54 
127 55 

128 0  
128 1  
128 2  
128 3  
128 4 p
128 5 u
128 6 b
128 7 l
128 8 i
128 9 c
128 10  
128 11 D
128 12 a
128 13 t
128 14 e
128 15 U
128 16 t
128 17 i
128 18 l
128 19 s
128 20 (
128 21 )
128 22  
128 23 {
128 24 
128 25 

129 0  
129 1  
129 2  
129 3  
129 4 }
129 5 
129 6 

130 0 
130 1 

131 0 
131 1 

132 0  
132 1  
132 2  
132 3  
132 4 /
132 5 *
132 6 *
132 7 
132 8 

133 0  
133 1  
133 2  
133 3  
133 4  
133 5 *
133 6  
133 7 F
133 8 o
133 9 r
133 10 m
133 11 a
133 12 t
133 13  
133 14 a
133 15  
133 16 d
133 17 a
133 18 t
133 19 e
133 20 /
133 21 t
133 22 i
133 23 m
133 24 e
133 25  
133 26 i
133 27 n
133 28 t
133 29 o
133 30  
133 31 a
133 32  
133 33 s
133 34 p
133 35 e
133 36 c
133 37 i
133 38 f
133 39 i
133 40 c
133 41  
133 42 p
133 43 a
133 44 t
133 45 t
133 46 e
133 47 r
133 48 n
133 49 .
133 50 
133 51 

134 0  
134 1  
134 2  
134 3  
134 4  
134 5 *
134 6  
134 7 @
134 8 p
134 9 a
134 10 r
134 11 a
134 12 m
134 13  
134 14 d
134 15 a
134 16 t
134 17 e
134 18  
134 19 t
134 20 h
134 21 e
134 22  
134 23 d
134 24 a
134 25 t
134 26 e
134 27  
134 28 t
134 29 o
134 30  
134 31 f
134 32 o
134 33 r
134 34 m
134 35 a
134 36 t
134 37  
134 38 e
134 39 x
134 40 p
134 41 r
134 42 e
134 43 s
134 44 s
134 45 e
134 46 d
134 47  
134 48 i
134 49 n
134 50  
134 51 m
134 52 i
134 53 l
134 54 l
134 55 i
134 56 s
134 57 e
134 58 c
134 59 o
134 60 n
134 61 d
134 62 s
134 63 .
134 64 
134 65 

135 0  
135 1  
135 2  
135 3  
135 4  
135 5 *
135 6  
135 7 @
135 8 p
135 9 a
135 10 r
135 11 a
135 12 m
135 13  
135 14 p
135 15 a
135 16 t
135 17 t
135 18 e
135 19 r
135 20 n
135 21  
135 22 t
135 23 h
135 24 e
135 25  
135 26 p
135 27 a
135 28 t
135 29 t
135 30 e
135 31 r
135 32 n
135 33  
135 34 t
135 35 o
135 36  
135 37 u
135 38 s
135 39 e
135 40  
135 41 t
135 42 o
135 43  
135 44 f
135 45 o
135 46 r
135 47 m
135 48 a
135 49 t
135 50  
135 51 t
135 52 h
135 53 e
135 54  
135 55 d
135 56 a
135 57 t
135 58 e
135 59 .
135 60 
135 61 

136 0  
136 1  
136 2  
136 3  
136 4  
136 5 *
136 6  
136 7 @
136 8 r
136 9 e
136 10 t
136 11 u
136 12 r
136 13 n
136 14  
136 15 t
136 16 h
136 17 e
136 18  
136 19 f
136 20 o
136 21 r
136 22 m
136 23 a
136 24 t
136 25 t
136 26 e
136 27 d
136 28  
136 29 d
136 30 a
136 31 t
136 32 e
136 33 .
136 34 
136 35 

137 0  
137 1  
137 2  
137 3  
137 4  
137 5 *
137 6 /
137 7 
137 8 

138 0  
138 1  
138 2  
138 3  
138 4 p
138 5 u
138 6 b
138 7 l
138 8 i
138 9 c
138 10  
138 11 s
138 12 t
138 13 a
138 14 t
138 15 i
138 16 c
138 17  
138 18 S
138 19 t
138 20 r
138 21 i
138 22 n
138 23 g
138 24  
138 25 f
138 26 o
138 27 r
138 28 m
138 29 a
138 30 t
138 31 (
138 32 l
138 33 o
138 34 n
138 35 g
138 36  
138 37 d
138 38 a
138 39 t
138 40 e
138 41 ,
138 42  
138 43 S
138 44 t
138 45 r
138 46 i
138 47 n
138 48 g
138 49  
138 50 p
138 51 a
138 52 t
138 53 t
138 54 e
138 55 r
138 56 n
138 57 )
138 58  
138 59 {
138 60 
138 61 

139 0  
139 1  
139 2  
139 3  
139 4  
139 5  
139 6  
139 7  
139 8 r
139 9 e
139 10 t
139 11 u
139 12 r
139 13 n
139 14  
139 15 f
139 16 o
139 17 r
139 18 m
139 19 a
139 20 t
139 21 (
139 22 n
139 23 e
139 24 w
139 25  
139 26 D
139 27 a
139 28 t
139 29 e
139 30 (
139 31 d
139 32 a
139 33 t
139 34 e
139 35 )
139 36 ,
139 37  
139 38 p
139 39 a
139 40 t
139 41 t
139 42 e
139 43 r
139 44 n
139 45 )
139 46 ;
139 47 
139 48 

140 0  
140 1  
140 2  
140 3  
140 4 }
140 5 
140 6 

141 0 
141 1 

142 0 
142 1 

143 0  
143 1  
143 2  
143 3  
143 4 /
143 5 *
143 6 *
143 7 
143 8 

144 0  
144 1  
144 2  
144 3  
144 4  
144 5 *
144 6  
144 7 F
144 8 o
144 9 r
144 10 m
144 11 a
144 12 t
144 13  
144 14 a
144 15  
144 16 d
144 17 a
144 18 t
144 19 e
144 20 /
144 21 t
144 22 i
144 23 m
144 24 e
144 25  
144 26 i
144 27 n
144 28 t
144 29 o
144 30  
144 31 a
144 32  
144 33 s
144 34 p
144 35 e
144 36 c
144 37 i
144 38 f
144 39 i
144 40 c
144 41  
144 42 p
144 43 a
144 44 t
144 45 t
144 46 e
144 47 r
144 48 n
144 49 .
144 50 
144 51 

145 0  
145 1  
145 2  
145 3  
145 4  
145 5 *
145 6  
145 7 @
145 8 p
145 9 a
145 10 r
145 11 a
145 12 m
145 13  
145 14 d
145 15 a
145 16 t
145 17 e
145 18  
145 19 t
145 20 h
145 21 e
145 22  
145 23 d
145 24 a
145 25 t
145 26 e
145 27  
145 28 t
145 29 o
145 30  
145 31 f
145 32 o
145 33 r
145 34 m
145 35 a
145 36 t
145 37  
145 38 e
145 39 x
145 40 p
145 41 r
145 42 e
145 43 s
145 44 s
145 45 e
145 46 d
145 47  
145 48 i
145 49 n
145 50  
145 51 m
145 52 i
145 53 l
145 54 l
145 55 i
145 56 s
145 57 e
145 58 c
145 59 o
145 60 n
145 61 d
145 62 s
145 63 .
145 64 
145 65 

146 0  
146 1  
146 2  
146 3  
146 4  
146 5 *
146 6  
146 7 @
146 8 p
146 9 a
146 10 r
146 11 a
146 12 m
146 13  
146 14 p
146 15 a
146 16 t
146 17 t
146 18 e
146 19 r
146 20 n
146 21  
146 22 t
146 23 h
146 24 e
146 25  
146 26 p
146 27 a
146 28 t
146 29 t
146 30 e
146 31 r
146 32 n
146 33  
146 34 t
146 35 o
146 36  
146 37 u
146 38 s
146 39 e
146 40  
146 41 t
146 42 o
146 43  
146 44 f
146 45 o
146 46 r
146 47 m
146 48 a
146 49 t
146 50  
146 51 t
146 52 h
146 53 e
146 54  
146 55 d
146 56 a
146 57 t
146 58 e
146 59 .
146 60 
146 61 

147 0  
147 1  
147 2  
147 3  
147 4  
147 5 *
147 6  
147 7 @
147 8 r
147 9 e
147 10 t
147 11 u
147 12 r
147 13 n
147 14  
147 15 t
147 16 h
147 17 e
147 18  
147 19 f
147 20 o
147 21 r
147 22 m
147 23 a
147 24 t
147 25 t
147 26 e
147 27 d
147 28  
147 29 d
147 30 a
147 31 t
147 32 e
147 33 .
147 34 
147 35 

148 0  
148 1  
148 2  
148 3  
148 4  
148 5 *
148 6 /
148 7 
148 8 

149 0  
149 1  
149 2  
149 3  
149 4 p
149 5 u
149 6 b
149 7 l
149 8 i
149 9 c
149 10  
149 11 s
149 12 t
149 13 a
149 14 t
149 15 i
149 16 c
149 17  
149 18 S
149 19 t
149 20 r
149 21 i
149 22 n
149 23 g
149 24  
149 25 f
149 26 o
149 27 r
149 28 m
149 29 a
149 30 t
149 31 (
149 32 D
149 33 a
149 34 t
149 35 e
149 36  
149 37 d
149 38 a
149 39 t
149 40 e
149 41 ,
149 42  
149 43 S
149 44 t
149 45 r
149 46 i
149 47 n
149 48 g
149 49  
149 50 p
149 51 a
149 52 t
149 53 t
149 54 e
149 55 r
149 56 n
149 57 )
149 58  
149 59 {
149 60 
149 61 

150 0  
150 1  
150 2  
150 3  
150 4  
150 5  
150 6  
150 7  
150 8 D
150 9 a
150 10 t
150 11 e
150 12 F
150 13 o
150 14 r
150 15 m
150 16 a
150 17 t
150 18  
150 19 d
150 20 f
150 21  
150 22 =
150 23  
150 24 c
150 25 r
150 26 e
150 27 a
150 28 t
150 29 e
150 30 D
150 31 a
150 32 t
150 33 e
150 34 F
150 35 o
150 36 r
150 37 m
150 38 a
150 39 t
150 40 (
150 41 p
150 42 a
150 43 t
150 44 t
150 45 e
150 46 r
150 47 n
150 48 )
150 49 ;
150 50 
150 51 

151 0  
151 1  
151 2  
151 3  
151 4  
151 5  
151 6  
151 7  
151 8 r
151 9 e
151 10 t
151 11 u
151 12 r
151 13 n
151 14  
151 15 d
151 16 f
151 17 .
151 18 f
151 19 o
151 20 r
151 21 m
151 22 a
151 23 t
151 24 (
151 25 d
151 26 a
151 27 t
151 28 e
151 29 )
151 30 ;
151 31 
151 32 

152 0  
152 1  
152 2  
152 3  
152 4 }
152 5 
152 6 

153 0 
153 1 

154 0 
154 1 

155 0  
155 1  
155 2  
155 3  
155 4 /
155 5 *
155 6 *
155 7 
155 8 

156 0  
156 1  
156 2  
156 3  
156 4  
156 5 *
156 6  
156 7 F
156 8 o
156 9 r
156 10 m
156 11 a
156 12 t
156 13  
156 14 a
156 15 n
156 16  
156 17 e
156 18 l
156 19 a
156 20 p
156 21 s
156 22 e
156 23 d
156 24  
156 25 t
156 26 i
156 27 m
156 28 e
156 29  
156 30 i
156 31 n
156 32 t
156 33 o
156 34  
156 35 a
156 36  
156 37 p
156 38 l
156 39 u
156 40 r
156 41 i
156 42 a
156 43 l
156 44 i
156 45 z
156 46 a
156 47 t
156 48 i
156 49 o
156 50 n
156 51  
156 52 c
156 53 o
156 54 r
156 55 r
156 56 e
156 57 c
156 58 t
156 59  
156 60 s
156 61 t
156 62 r
156 63 i
156 64 n
156 65 g
156 66 .
156 67 
156 68 

157 0  
157 1  
157 2  
157 3  
157 4  
157 5 *
157 6  
157 7 I
157 8 t
157 9  
157 10 i
157 11 s
157 12  
157 13 l
157 14 i
157 15 m
157 16 i
157 17 t
157 18 e
157 19 d
157 20  
157 21 o
157 22 n
157 23 l
157 24 y
157 25  
157 26 t
157 27 o
157 28  
157 29 r
157 30 e
157 31 p
157 32 o
157 33 r
157 34 t
157 35  
157 36 e
157 37 l
157 38 a
157 39 p
157 40 s
157 41 e
157 42 d
157 43  
157 44 t
157 45 i
157 46 m
157 47 e
157 48  
157 49 i
157 50 n
157 51  
157 52 m
157 53 i
157 54 n
157 55 u
157 56 t
157 57 e
157 58 s
157 59  
157 60 a
157 61 n
157 62 d
157 63 
157 64 

158 0  
158 1  
158 2  
158 3  
158 4  
158 5 *
158 6  
158 7 s
158 8 e
158 9 c
158 10 o
158 11 n
158 12 d
158 13 s
158 14  
158 15 a
158 16 n
158 17 d
158 18  
158 19 h
158 20 a
158 21 s
158 22  
158 23 t
158 24 h
158 25 e
158 26  
158 27 f
158 28 o
158 29 l
158 30 l
158 31 o
158 32 w
158 33 i
158 34 n
158 35 g
158 36  
158 37 b
158 38 e
158 39 h
158 40 a
158 41 v
158 42 i
158 43 o
158 44 r
158 45 .
158 46 
158 47 

159 0  
159 1  
159 2  
159 3  
159 4  
159 5 *
159 6  
159 7 <
159 8 u
159 9 l
159 10 >
159 11 
159 12 

160 0  
160 1  
160 2  
160 3  
160 4  
160 5 *
160 6  
160 7 <
160 8 l
160 9 i
160 10 >
160 11 m
160 12 i
160 13 n
160 14 u
160 15 t
160 16 e
160 17 s
160 18  
160 19 a
160 20 r
160 21 e
160 22  
160 23 n
160 24 o
160 25 t
160 26  
160 27 d
160 28 i
160 29 s
160 30 p
160 31 l
160 32 a
160 33 y
160 34 e
160 35 d
160 36  
160 37 w
160 38 h
160 39 e
160 40 n
160 41  
160 42 0
160 43 .
160 44  
160 45 (
160 46 i
160 47 e
160 48 :
160 49  
160 50 "
160 51 4
160 52 5
160 53  
160 54 s
160 55 e
160 56 c
160 57 o
160 58 n
160 59 d
160 60 s
160 61 "
160 62 )
160 63 <
160 64 /
160 65 l
160 66 i
160 67 >
160 68 
160 69 

161 0  
161 1  
161 2  
161 3  
161 4  
161 5 *
161 6  
161 7 <
161 8 l
161 9 i
161 10 >
161 11 s
161 12 e
161 13 c
161 14 o
161 15 n
161 16 d
161 17 s
161 18  
161 19 a
161 20 r
161 21 e
161 22  
161 23 a
161 24 l
161 25 w
161 26 a
161 27 y
161 28 s
161 29  
161 30 d
161 31 i
161 32 s
161 33 p
161 34 l
161 35 a
161 36 y
161 37 e
161 38 d
161 39  
161 40 i
161 41 n
161 42  
161 43 p
161 44 l
161 45 u
161 46 r
161 47 a
161 48 l
161 49  
161 50 f
161 51 o
161 52 r
161 53 m
161 54  
161 55 (
161 56 i
161 57 e
161 58  
161 59 "
161 60 0
161 61  
161 62 s
161 63 e
161 64 c
161 65 o
161 66 n
161 67 d
161 68 s
161 69 "
161 70  
161 71 o
161 72 r
161 73 
161 74 

162 0  
162 1  
162 2  
162 3  
162 4  
162 5 *
162 6  
162 7 "
162 8 1
162 9 0
162 10  
162 11 s
162 12 e
162 13 c
162 14 o
162 15 n
162 16 d
162 17 s
162 18 "
162 19 )
162 20  
162 21 e
162 22 x
162 23 c
162 24 e
162 25 p
162 26 t
162 27  
162 28 f
162 29 o
162 30 r
162 31  
162 32 1
162 33  
162 34 (
162 35 i
162 36 e
162 37  
162 38 "
162 39 1
162 40  
162 41 s
162 42 e
162 43 c
162 44 o
162 45 n
162 46 d
162 47 "
162 48 )
162 49 <
162 50 /
162 51 l
162 52 i
162 53 >
162 54 
162 55 

163 0  
163 1  
163 2  
163 3  
163 4  
163 5 *
163 6  
163 7 <
163 8 /
163 9 u
163 10 l
163 11 >
163 12 
163 13 

164 0  
164 1  
164 2  
164 3  
164 4  
164 5 *
164 6  
164 7 @
164 8 p
164 9 a
164 10 r
164 11 a
164 12 m
164 13  
164 14 t
164 15 i
164 16 m
164 17 e
164 18  
164 19 t
164 20 h
164 21 e
164 22  
164 23 e
164 24 l
164 25 a
164 26 p
164 27 s
164 28 e
164 29 d
164 30  
164 31 t
164 32 i
164 33 m
164 34 e
164 35  
164 36 t
164 37 o
164 38  
164 39 r
164 40 e
164 41 p
164 42 o
164 43 r
164 44 t
164 45  
164 46 i
164 47 n
164 48  
164 49 m
164 50 i
164 51 l
164 52 l
164 53 i
164 54 s
164 55 e
164 56 c
164 57 o
164 58 n
164 59 d
164 60 s
164 61 .
164 62 
164 63 

165 0  
165 1  
165 2  
165 3  
165 4  
165 5 *
165 6  
165 7 @
165 8 r
165 9 e
165 10 t
165 11 u
165 12 r
165 13 n
165 14  
165 15 t
165 16 h
165 17 e
165 18  
165 19 f
165 20 o
165 21 r
165 22 m
165 23 a
165 24 t
165 25 t
165 26 e
165 27 d
165 28  
165 29 t
165 30 e
165 31 x
165 32 t
165 33  
165 34 i
165 35 n
165 36  
165 37 m
165 38 i
165 39 n
165 40 u
165 41 t
165 42 e
165 43 s
165 44 /
165 45 s
165 46 e
165 47 c
165 48 o
165 49 n
165 50 d
165 51 s
165 52 .
165 53 
165 54 

166 0  
166 1  
166 2  
166 3  
166 4  
166 5 *
166 6 /
166 7 
166 8 

167 0  
167 1  
167 2  
167 3  
167 4 p
167 5 u
167 6 b
167 7 l
167 8 i
167 9 c
167 10  
167 11 s
167 12 t
167 13 a
167 14 t
167 15 i
167 16 c
167 17  
167 18 S
167 19 t
167 20 r
167 21 i
167 22 n
167 23 g
167 24  
167 25 f
167 26 o
167 27 r
167 28 m
167 29 a
167 30 t
167 31 E
167 32 l
167 33 a
167 34 p
167 35 s
167 36 e
167 37 d
167 38 T
167 39 i
167 40 m
167 41 e
167 42 (
167 43 l
167 44 o
167 45 n
167 46 g
167 47  
167 48 m
167 49 i
167 50 l
167 51 l
167 52 i
167 53 s
167 54 )
167 55  
167 56 {
167 57 
167 58 

168 0  
168 1  
168 2  
168 3  
168 4  
168 5  
168 6  
168 7  
168 8 l
168 9 o
168 10 n
168 11 g
168 12  
168 13 s
168 14 e
168 15 c
168 16 o
168 17 n
168 18 d
168 19 s
168 20  
168 21 =
168 22  
168 23 m
168 24 i
168 25 l
168 26 l
168 27 i
168 28 s
168 29  
168 30 /
168 31  
168 32 1
168 33 0
168 34 0
168 35 0
168 36 ;
168 37 
168 38 

169 0  
169 1  
169 2  
169 3  
169 4  
169 5  
169 6  
169 7  
169 8 l
169 9 o
169 10 n
169 11 g
169 12  
169 13 m
169 14 i
169 15 n
169 16 u
169 17 t
169 18 e
169 19 s
169 20  
169 21 =
169 22  
169 23 s
169 24 e
169 25 c
169 26 o
169 27 n
169 28 d
169 29 s
169 30  
169 31 /
169 32  
169 33 6
169 34 0
169 35 ;
169 36 
169 37 

170 0  
170 1  
170 2  
170 3  
170 4  
170 5  
170 6  
170 7  
170 8 O
170 9 b
170 10 j
170 11 e
170 12 c
170 13 t
170 14 [
170 15 ]
170 16  
170 17 a
170 18 r
170 19 g
170 20 s
170 21  
170 22 =
170 23  
170 24 {
170 25 n
170 26 e
170 27 w
170 28  
170 29 L
170 30 o
170 31 n
170 32 g
170 33 (
170 34 m
170 35 i
170 36 n
170 37 u
170 38 t
170 39 e
170 40 s
170 41 )
170 42 ,
170 43  
170 44 n
170 45 e
170 46 w
170 47  
170 48 L
170 49 o
170 50 n
170 51 g
170 52 (
170 53 s
170 54 e
170 55 c
170 56 o
170 57 n
170 58 d
170 59 s
170 60  
170 61 %
170 62  
170 63 6
170 64 0
170 65 )
170 66 }
170 67 ;
170 68 
170 69 

171 0  
171 1  
171 2  
171 3  
171 4  
171 5  
171 6  
171 7  
171 8 r
171 9 e
171 10 t
171 11 u
171 12 r
171 13 n
171 14  
171 15 M
171 16 I
171 17 N
171 18 U
171 19 T
171 20 E
171 21 _
171 22 S
171 23 E
171 24 C
171 25 O
171 26 N
171 27 D
171 28 S
171 29 .
171 30 f
171 31 o
171 32 r
171 33 m
171 34 a
171 35 t
171 36 (
171 37 a
171 38 r
171 39 g
171 40 s
171 41 )
171 42 ;
171 43 
171 44 

172 0  
172 1  
172 2  
172 3  
172 4 }
172 5 
172 6 

173 0 
173 1 

174 0  
174 1  
174 2  
174 3  
174 4 /
174 5 *
174 6 *
174 7 
174 8 

175 0  
175 1  
175 2  
175 3  
175 4  
175 5 *
175 6  
175 7 r
175 8 e
175 9 t
175 10 u
175 11 r
175 12 n
175 13  
175 14 a
175 15  
175 16 l
175 17 e
175 18 n
175 19 i
175 20 e
175 21 n
175 22 t
175 23  
175 24 d
175 25 a
175 26 t
175 27 e
175 28  
175 29 f
175 30 o
175 31 r
175 32 m
175 33 a
175 34 t
175 35  
175 36 s
175 37 e
175 38 t
175 39  
175 40 t
175 41 o
175 42  
175 43 G
175 44 M
175 45 T
175 46  
175 47 t
175 48 i
175 49 m
175 50 e
175 51  
175 52 z
175 53 o
175 54 n
175 55 e
175 56 .
175 57 
175 58 

176 0  
176 1  
176 2  
176 3  
176 4  
176 5 *
176 6  
176 7 @
176 8 p
176 9 a
176 10 r
176 11 a
176 12 m
176 13  
176 14 p
176 15 a
176 16 t
176 17 t
176 18 e
176 19 r
176 20 n
176 21  
176 22 t
176 23 h
176 24 e
176 25  
176 26 p
176 27 a
176 28 t
176 29 t
176 30 e
176 31 r
176 32 n
176 33  
176 34 u
176 35 s
176 36 e
176 37 d
176 38  
176 39 f
176 40 o
176 41 r
176 42  
176 43 d
176 44 a
176 45 t
176 46 e
176 47 /
176 48 t
176 49 i
176 50 m
176 51 e
176 52  
176 53 f
176 54 o
176 55 r
176 56 m
176 57 a
176 58 t
176 59 t
176 60 i
176 61 n
176 62 g
176 63 .
176 64 
176 65 

177 0  
177 1  
177 2  
177 3  
177 4  
177 5 *
177 6  
177 7 @
177 8 r
177 9 e
177 10 t
177 11 u
177 12 r
177 13 n
177 14  
177 15 t
177 16 h
177 17 e
177 18  
177 19 c
177 20 o
177 21 n
177 22 f
177 23 i
177 24 g
177 25 u
177 26 r
177 27 e
177 28 d
177 29  
177 30 f
177 31 o
177 32 r
177 33 m
177 34 a
177 35 t
177 36  
177 37 f
177 38 o
177 39 r
177 40  
177 41 t
177 42 h
177 43 i
177 44 s
177 45  
177 46 p
177 47 a
177 48 t
177 49 t
177 50 e
177 51 r
177 52 n
177 53 .
177 54 
177 55 

178 0  
178 1  
178 2  
178 3  
178 4  
178 5 *
178 6 /
178 7 
178 8 

179 0  
179 1  
179 2  
179 3  
179 4 p
179 5 r
179 6 i
179 7 v
179 8 a
179 9 t
179 10 e
179 11  
179 12 s
179 13 t
179 14 a
179 15 t
179 16 i
179 17 c
179 18  
179 19 D
179 20 a
179 21 t
179 22 e
179 23 F
179 24 o
179 25 r
179 26 m
179 27 a
179 28 t
179 29  
179 30 c
179 31 r
179 32 e
179 33 a
179 34 t
179 35 e
179 36 D
179 37 a
179 38 t
179 39 e
179 40 F
179 41 o
179 42 r
179 43 m
179 44 a
179 45 t
179 46 (
179 47 S
179 48 t
179 49 r
179 50 i
179 51 n
179 52 g
179 53  
179 54 p
179 55 a
179 56 t
179 57 t
179 58 e
179 59 r
179 60 n
179 61 )
179 62  
179 63 {
179 64 
179 65 

180 0  
180 1  
180 2  
180 3  
180 4  
180 5  
180 6  
180 7  
180 8 S
180 9 i
180 10 m
180 11 p
180 12 l
180 13 e
180 14 D
180 15 a
180 16 t
180 17 e
180 18 F
180 19 o
180 20 r
180 21 m
180 22 a
180 23 t
180 24  
180 25 s
180 26 d
180 27 f
180 28  
180 29 =
180 30  
180 31 n
180 32 e
180 33 w
180 34  
180 35 S
180 36 i
180 37 m
180 38 p
180 39 l
180 40 e
180 41 D
180 42 a
180 43 t
180 44 e
180 45 F
180 46 o
180 47 r
180 48 m
180 49 a
180 50 t
180 51 (
180 52 p
180 53 a
180 54 t
180 55 t
180 56 e
180 57 r
180 58 n
180 59 )
180 60 ;
180 61 
180 62 

181 0  
181 1  
181 2  
181 3  
181 4  
181 5  
181 6  
181 7  
181 8 T
181 9 i
181 10 m
181 11 e
181 12 Z
181 13 o
181 14 n
181 15 e
181 16  
181 17 g
181 18 m
181 19 t
181 20  
181 21 =
181 22  
181 23 T
181 24 i
181 25 m
181 26 e
181 27 Z
181 28 o
181 29 n
181 30 e
181 31 .
181 32 g
181 33 e
181 34 t
181 35 T
181 36 i
181 37 m
181 38 e
181 39 Z
181 40 o
181 41 n
181 42 e
181 43 (
181 44 "
181 45 G
181 46 M
181 47 T
181 48 "
181 49 )
181 50 ;
181 51 
181 52 

182 0  
182 1  
182 2  
182 3  
182 4  
182 5  
182 6  
182 7  
182 8 s
182 9 d
182 10 f
182 11 .
182 12 s
182 13 e
182 14 t
182 15 T
182 16 i
182 17 m
182 18 e
182 19 Z
182 20 o
182 21 n
182 22 e
182 23 (
182 24 g
182 25 m
182 26 t
182 27 )
182 28 ;
182 29 
182 30 

183 0  
183 1  
183 2  
183 3  
183 4  
183 5  
183 6  
183 7  
183 8 s
183 9 d
183 10 f
183 11 .
183 12 s
183 13 e
183 14 t
183 15 L
183 16 e
183 17 n
183 18 i
183 19 e
183 20 n
183 21 t
183 22 (
183 23 t
183 24 r
183 25 u
183 26 e
183 27 )
183 28 ;
183 29 
183 30 

184 0  
184 1  
184 2  
184 3  
184 4  
184 5  
184 6  
184 7  
184 8 r
184 9 e
184 10 t
184 11 u
184 12 r
184 13 n
184 14  
184 15 s
184 16 d
184 17 f
184 18 ;
184 19 
184 20 

185 0  
185 1  
185 2  
185 3  
185 4 }
185 5 
185 6 

186 0 
186 1 

187 0  
187 1  
187 2  
187 3  
187 4 /
187 5 *
187 6 *
187 7 
187 8 

188 0  
188 1  
188 2  
188 3  
188 4  
188 5 *
188 6  
188 7 C
188 8 a
188 9 l
188 10 c
188 11 u
188 12 l
188 13 a
188 14 t
188 15 e
188 16  
188 17 t
188 18 h
188 19 e
188 20  
188 21 p
188 22 h
188 23 a
188 24 s
188 25 e
188 26  
188 27 o
188 28 f
188 29  
188 30 t
188 31 h
188 32 e
188 33  
188 34 m
188 35 o
188 36 o
188 37 n
188 38  
188 39 f
188 40 o
188 41 r
188 42  
188 43 a
188 44  
188 45 g
188 46 i
188 47 v
188 48 e
188 49 n
188 50  
188 51 d
188 52 a
188 53 t
188 54 e
188 55 .
188 56 
188 57 

189 0  
189 1  
189 2  
189 3  
189 4  
189 5 *
189 6 
189 7 

190 0  
190 1  
190 2  
190 3  
190 4  
190 5 *
190 6  
190 7 <
190 8 p
190 9 >
190 10 C
190 11 o
190 12 d
190 13 e
190 14  
190 15 h
190 16 e
190 17 a
190 18 v
190 19 i
190 20 l
190 21 y
190 22  
190 23 i
190 24 n
190 25 f
190 26 l
190 27 u
190 28 e
190 29 n
190 30 c
190 31 e
190 32 d
190 33  
190 34 b
190 35 y
190 36  
190 37 h
190 38 a
190 39 c
190 40 k
190 41 l
190 42 i
190 43 b
190 44 .
190 45 c
190 46  
190 47 i
190 48 n
190 49  
190 50 <
190 51 a
190 52 
190 53 

191 0  
191 1  
191 2  
191 3  
191 4  
191 5 *
191 6  
191 7 h
191 8 r
191 9 e
191 10 f
191 11 =
191 12 "
191 13 h
191 14 t
191 15 t
191 16 p
191 17 :
191 18 /
191 19 /
191 20 w
191 21 w
191 22 w
191 23 .
191 24 n
191 25 e
191 26 t
191 27 h
191 28 a
191 29 c
191 30 k
191 31 .
191 32 o
191 33 r
191 34 g
191 35 /
191 36 "
191 37 >
191 38 N
191 39 e
191 40 t
191 41 h
191 42 a
191 43 c
191 44 k
191 45 <
191 46 /
191 47 a
191 48 >
191 49 <
191 50 /
191 51 p
191 52 >
191 53 
191 54 

192 0  
192 1  
192 2  
192 3  
192 4  
192 5 *
192 6 
192 7 

193 0  
193 1  
193 2  
193 3  
193 4  
193 5 *
193 6  
193 7 <
193 8 p
193 9 >
193 10 T
193 11 h
193 12 e
193 13  
193 14 A
193 15 l
193 16 g
193 17 o
193 18 r
193 19 i
193 20 t
193 21 h
193 22 m
193 23 :
193 24 
193 25 

194 0  
194 1  
194 2  
194 3  
194 4  
194 5 *
194 6 
194 7 

195 0  
195 1  
195 2  
195 3  
195 4  
195 5 *
195 6  
195 7 <
195 8 p
195 9 r
195 10 e
195 11 >
195 12 
195 13 

196 0  
196 1  
196 2  
196 3  
196 4  
196 5 *
196 6  
196 7 m
196 8 o
196 9 o
196 10 n
196 11  
196 12 p
196 13 e
196 14 r
196 15 i
196 16 o
196 17 d
196 18  
196 19 =
196 20  
196 21 2
196 22 9
196 23 .
196 24 5
196 25 3
196 26 0
196 27 5
196 28 8
196 29  
196 30 d
196 31 a
196 32 y
196 33 s
196 34  
196 35 ~
196 36 =
196 37  
196 38 3
196 39 0
196 40 ,
196 41  
196 42 y
196 43 e
196 44 a
196 45 r
196 46  
196 47 =
196 48  
196 49 3
196 50 6
196 51 5
196 52 .
196 53 2
196 54 4
196 55 2
196 56 2
196 57  
196 58 d
196 59 a
196 60 y
196 61 s
196 62 
196 63 

197 0  
197 1  
197 2  
197 3  
197 4  
197 5 *
197 6 
197 7 

198 0  
198 1  
198 2  
198 3  
198 4  
198 5 *
198 6  
198 7 d
198 8 a
198 9 y
198 10 s
198 11  
198 12 m
198 13 o
198 14 o
198 15 n
198 16  
198 17 p
198 18 h
198 19 a
198 20 s
198 21 e
198 22  
198 23 a
198 24 d
198 25 v
198 26 a
198 27 n
198 28 c
198 29 e
198 30 s
198 31  
198 32 o
198 33 n
198 34  
198 35 f
198 36 i
198 37 r
198 38 s
198 39 t
198 40  
198 41 d
198 42 a
198 43 y
198 44  
198 45 o
198 46 f
198 47  
198 48 y
198 49 e
198 50 a
198 51 r
198 52  
198 53 c
198 54 o
198 55 m
198 56 p
198 57 a
198 58 r
198 59 e
198 60 d
198 61  
198 62 t
198 63 o
198 64  
198 65 p
198 66 r
198 67 e
198 68 c
198 69 e
198 70 d
198 71 i
198 72 n
198 73 g
198 74  
198 75 y
198 76 e
198 77 a
198 78 r
198 79 
198 80 

199 0  
199 1  
199 2  
199 3  
199 4  
199 5 *
199 6  
199 7  
199 8 =
199 9  
199 10 3
199 11 6
199 12 5
199 13 .
199 14 2
199 15 4
199 16 2
199 17 2
199 18  
199 19 -
199 20  
199 21 1
199 22 2
199 23 *
199 24 2
199 25 9
199 26 .
199 27 5
199 28 3
199 29 0
199 30 5
199 31 8
199 32  
199 33 ~
199 34 =
199 35  
199 36 1
199 37 1
199 38 
199 39 

200 0  
200 1  
200 2  
200 3  
200 4  
200 5 *
200 6 
200 7 

201 0  
201 1  
201 2  
201 3  
201 4  
201 5 *
201 6  
201 7 y
201 8 e
201 9 a
201 10 r
201 11 s
201 12  
201 13 i
201 14 n
201 15  
201 16 M
201 17 e
201 18 t
201 19 o
201 20 n
201 21 i
201 22 c
201 23  
201 24 c
201 25 y
201 26 c
201 27 l
201 28 e
201 29  
201 30 (
201 31 t
201 32 i
201 33 m
201 34 e
201 35  
201 36 u
201 37 n
201 38 t
201 39 i
201 40 l
201 41  
201 42 s
201 43 a
201 44 m
201 45 e
201 46  
201 47 p
201 48 h
201 49 a
201 50 s
201 51 e
201 52 s
201 53  
201 54 f
201 55 a
201 56 l
201 57 l
201 58  
201 59 o
201 60 n
201 61  
201 62 t
201 63 h
201 64 e
201 65  
201 66 s
201 67 a
201 68 m
201 69 e
201 70  
201 71 d
201 72 a
201 73 y
201 74 s
201 75  
201 76 o
201 77 f
201 78 
201 79 

202 0  
202 1  
202 2  
202 3  
202 4  
202 5 *
202 6  
202 7  
202 8 t
202 9 h
202 10 e
202 11  
202 12 m
202 13 o
202 14 n
202 15 t
202 16 h
202 17 )
202 18  
202 19 =
202 20  
202 21 1
202 22 8
202 23 .
202 24 6
202 25  
202 26 ~
202 27 =
202 28  
202 29 1
202 30 9
202 31 
202 32 

203 0  
203 1  
203 2  
203 3  
203 4  
203 5 *
203 6 
203 7 

204 0  
204 1  
204 2  
204 3  
204 4  
204 5 *
204 6  
204 7 m
204 8 o
204 9 o
204 10 n
204 11  
204 12 p
204 13 h
204 14 a
204 15 s
204 16 e
204 17  
204 18 o
204 19 n
204 20  
204 21 f
204 22 i
204 23 r
204 24 s
204 25 t
204 26  
204 27 d
204 28 a
204 29 y
204 30  
204 31 o
204 32 f
204 33  
204 34 y
204 35 e
204 36 a
204 37 r
204 38  
204 39 (
204 40 e
204 41 p
204 42 a
204 43 c
204 44 t
204 45 )
204 46  
204 47 ~
204 48 =
204 49  
204 50 (
204 51 1
204 52 1
204 53 *
204 54 (
204 55 y
204 56 e
204 57 a
204 58 r
204 59 %
204 60 1
204 61 9
204 62 )
204 63  
204 64 +
204 65  
204 66 1
204 67 8
204 68 )
204 69  
204 70 %
204 71  
204 72 3
204 73 0
204 74 
204 75 

205 0  
205 1  
205 2  
205 3  
205 4  
205 5 *
205 6  
205 7  
205 8 (
205 9 1
205 10 8
205 11  
205 12 a
205 13 s
205 14  
205 15 i
205 16 n
205 17 i
205 18 t
205 19 i
205 20 a
205 21 l
205 22  
205 23 c
205 24 o
205 25 n
205 26 d
205 27 i
205 28 t
205 29 i
205 30 o
205 31 n
205 32  
205 33 f
205 34 o
205 35 r
205 36  
205 37 1
205 38 9
205 39 0
205 40 0
205 41 )
205 42 
205 43 

206 0  
206 1  
206 2  
206 3  
206 4  
206 5 *
206 6 
206 7 

207 0  
207 1  
207 2  
207 3  
207 4  
207 5 *
207 6  
207 7 c
207 8 u
207 9 r
207 10 r
207 11 e
207 12 n
207 13 t
207 14  
207 15 p
207 16 h
207 17 a
207 18 s
207 19 e
207 20  
207 21 i
207 22 n
207 23  
207 24 d
207 25 a
207 26 y
207 27 s
207 28  
207 29 =
207 30  
207 31 f
207 32 i
207 33 r
207 34 s
207 35 t
207 36  
207 37 d
207 38 a
207 39 y
207 40  
207 41 p
207 42 h
207 43 a
207 44 s
207 45 e
207 46  
207 47 +
207 48  
207 49 d
207 50 a
207 51 y
207 52 s
207 53  
207 54 e
207 55 l
207 56 a
207 57 p
207 58 s
207 59 e
207 60 d
207 61  
207 62 i
207 63 n
207 64  
207 65 y
207 66 e
207 67 a
207 68 r
207 69 
207 70 

208 0  
208 1  
208 2  
208 3  
208 4  
208 5 *
208 6 
208 7 

209 0  
209 1  
209 2  
209 3  
209 4  
209 5 *
209 6  
209 7 6
209 8  
209 9 m
209 10 o
209 11 o
209 12 n
209 13 s
209 14  
209 15 ~
209 16 =
209 17  
209 18 1
209 19 7
209 20 7
209 21  
209 22 d
209 23 a
209 24 y
209 25 s
209 26 
209 27 

210 0  
210 1  
210 2  
210 3  
210 4  
210 5 *
210 6  
210 7 1
210 8 7
210 9 7
210 10  
210 11 ~
210 12 =
210 13  
210 14 8
210 15  
210 16 r
210 17 e
210 18 p
210 19 o
210 20 r
210 21 t
210 22 e
210 23 d
210 24  
210 25 p
210 26 h
210 27 a
210 28 s
210 29 e
210 30 s
210 31  
210 32 *
210 33  
210 34 2
210 35 2
210 36 
210 37 

211 0  
211 1  
211 2  
211 3  
211 4  
211 5 *
211 6  
211 7 +
211 8  
211 9 1
211 10 1
211 11 /
211 12 2
211 13 2
211 14  
211 15 f
211 16 o
211 17 r
211 18  
211 19 r
211 20 o
211 21 u
211 22 n
211 23 d
211 24 i
211 25 n
211 26 g
211 27 
211 28 

212 0  
212 1  
212 2  
212 3  
212 4  
212 5 *
212 6  
212 7 <
212 8 /
212 9 p
212 10 r
212 11 e
212 12 >
212 13 
212 14 

213 0  
213 1  
213 2  
213 3  
213 4  
213 5 *
213 6 
213 7 

214 0  
214 1  
214 2  
214 3  
214 4  
214 5 *
214 6  
214 7 @
214 8 r
214 9 e
214 10 t
214 11 u
214 12 r
214 13 n
214 14  
214 15 T
214 16 h
214 17 e
214 18  
214 19 p
214 20 h
214 21 a
214 22 s
214 23 e
214 24  
214 25 o
214 26 f
214 27  
214 28 t
214 29 h
214 30 e
214 31  
214 32 m
214 33 o
214 34 o
214 35 n
214 36  
214 37 a
214 38 s
214 39  
214 40 a
214 41  
214 42 n
214 43 u
214 44 m
214 45 b
214 46 e
214 47 r
214 48  
214 49 b
214 50 e
214 51 t
214 52 w
214 53 e
214 54 e
214 55 n
214 56  
214 57 0
214 58  
214 59 a
214 60 n
214 61 d
214 62  
214 63 7
214 64  
214 65 w
214 66 i
214 67 t
214 68 h
214 69 
214 70 

215 0  
215 1  
215 2  
215 3  
215 4  
215 5 *
215 6  
215 7  
215 8  
215 9  
215 10  
215 11  
215 12  
215 13  
215 14  
215 15 0
215 16  
215 17 m
215 18 e
215 19 a
215 20 n
215 21 i
215 22 n
215 23 g
215 24  
215 25 n
215 26 e
215 27 w
215 28  
215 29 m
215 30 o
215 31 o
215 32 n
215 33  
215 34 a
215 35 n
215 36 d
215 37  
215 38 4
215 39  
215 40 m
215 41 e
215 42 a
215 43 n
215 44 i
215 45 n
215 46 g
215 47  
215 48 f
215 49 u
215 50 l
215 51 l
215 52  
215 53 m
215 54 o
215 55 o
215 56 n
215 57 .
215 58 
215 59 

216 0  
216 1  
216 2  
216 3  
216 4  
216 5 *
216 6 
216 7 

217 0  
217 1  
217 2  
217 3  
217 4  
217 5 *
217 6  
217 7 @
217 8 s
217 9 i
217 10 n
217 11 c
217 12 e
217 13  
217 14 1
217 15 .
217 16 2
217 17 ,
217 18  
217 19 A
217 20 n
217 21 t
217 22  
217 23 1
217 24 .
217 25 5
217 26 
217 27 

218 0  
218 1  
218 2  
218 3  
218 4  
218 5 *
218 6 /
218 7 
218 8 

219 0  
219 1  
219 2  
219 3  
219 4 p
219 5 u
219 6 b
219 7 l
219 8 i
219 9 c
219 10  
219 11 s
219 12 t
219 13 a
219 14 t
219 15 i
219 16 c
219 17  
219 18 i
219 19 n
219 20 t
219 21  
219 22 g
219 23 e
219 24 t
219 25 P
219 26 h
219 27 a
219 28 s
219 29 e
219 30 O
219 31 f
219 32 M
219 33 o
219 34 o
219 35 n
219 36 (
219 37 C
219 38 a
219 39 l
219 40 e
219 41 n
219 42 d
219 43 a
219 44 r
219 45  
219 46 c
219 47 a
219 48 l
219 49 )
219 50  
219 51 {
219 52 
219 53 

220 0  
220 1  
220 2  
220 3  
220 4  
220 5  
220 6  
220 7  
220 8 i
220 9 n
220 10 t
220 11  
220 12 d
220 13 a
220 14 y
220 15 O
220 16 f
220 17 T
220 18 h
220 19 e
220 20 Y
220 21 e
220 22 a
220 23 r
220 24  
220 25 =
220 26  
220 27 c
220 28 a
220 29 l
220 30 .
220 31 g
220 32 e
220 33 t
220 34 (
220 35 C
220 36 a
220 37 l
220 38 e
220 39 n
220 40 d
220 41 a
220 42 r
220 43 .
220 44 D
220 45 A
220 46 Y
220 47 _
220 48 O
220 49 F
220 50 _
220 51 Y
220 52 E
220 53 A
220 54 R
220 55 )
220 56 ;
220 57 
220 58 

221 0  
221 1  
221 2  
221 3  
221 4  
221 5  
221 6  
221 7  
221 8 i
221 9 n
221 10 t
221 11  
221 12 y
221 13 e
221 14 a
221 15 r
221 16 I
221 17 n
221 18 M
221 19 e
221 20 t
221 21 o
221 22 n
221 23 i
221 24 c
221 25 C
221 26 y
221 27 c
221 28 l
221 29 e
221 30  
221 31 =
221 32  
221 33 (
221 34 (
221 35 c
221 36 a
221 37 l
221 38 .
221 39 g
221 40 e
221 41 t
221 42 (
221 43 C
221 44 a
221 45 l
221 46 e
221 47 n
221 48 d
221 49 a
221 50 r
221 51 .
221 52 Y
221 53 E
221 54 A
221 55 R
221 56 )
221 57  
221 58 -
221 59  
221 60 1
221 61 9
221 62 0
221 63 0
221 64 )
221 65  
221 66 %
221 67  
221 68 1
221 69 9
221 70 )
221 71  
221 72 +
221 73  
221 74 1
221 75 ;
221 76 
221 77 

222 0  
222 1  
222 2  
222 3  
222 4  
222 5  
222 6  
222 7  
222 8 i
222 9 n
222 10 t
222 11  
222 12 e
222 13 p
222 14 a
222 15 c
222 16 t
222 17  
222 18 =
222 19  
222 20 (
222 21 1
222 22 1
222 23  
222 24 *
222 25  
222 26 y
222 27 e
222 28 a
222 29 r
222 30 I
222 31 n
222 32 M
222 33 e
222 34 t
222 35 o
222 36 n
222 37 i
222 38 c
222 39 C
222 40 y
222 41 c
222 42 l
222 43 e
222 44  
222 45 +
222 46  
222 47 1
222 48 8
222 49 )
222 50  
222 51 %
222 52  
222 53 3
222 54 0
222 55 ;
222 56 
222 57 

223 0  
223 1  
223 2  
223 3  
223 4  
223 5  
223 6  
223 7  
223 8 i
223 9 f
223 10  
223 11 (
223 12 (
223 13 e
223 14 p
223 15 a
223 16 c
223 17 t
223 18  
223 19 =
223 20 =
223 21  
223 22 2
223 23 5
223 24  
223 25 &
223 26 &
223 27  
223 28 y
223 29 e
223 30 a
223 31 r
223 32 I
223 33 n
223 34 M
223 35 e
223 36 t
223 37 o
223 38 n
223 39 i
223 40 c
223 41 C
223 42 y
223 43 c
223 44 l
223 45 e
223 46  
223 47 >
223 48  
223 49 1
223 50 1
223 51 )
223 52  
223 53 |
223 54 |
223 55  
223 56 e
223 57 p
223 58 a
223 59 c
223 60 t
223 61  
223 62 =
223 63 =
223 64  
223 65 2
223 66 4
223 67 )
223 68  
223 69 {
223 70 
223 71 

224 0  
224 1  
224 2  
224 3  
224 4  
224 5  
224 6  
224 7  
224 8  
224 9  
224 10  
224 11  
224 12 e
224 13 p
224 14 a
224 15 c
224 16 t
224 17 +
224 18 +
224 19 ;
224 20 
224 21 

225 0  
225 1  
225 2  
225 3  
225 4  
225 5  
225 6  
225 7  
225 8 }
225 9 
225 10 

226 0  
226 1  
226 2  
226 3  
226 4  
226 5  
226 6  
226 7  
226 8 r
226 9 e
226 10 t
226 11 u
226 12 r
226 13 n
226 14  
226 15 (
226 16 (
226 17 (
226 18 (
226 19 (
226 20 d
226 21 a
226 22 y
226 23 O
226 24 f
226 25 T
226 26 h
226 27 e
226 28 Y
226 29 e
226 30 a
226 31 r
226 32  
226 33 +
226 34  
226 35 e
226 36 p
226 37 a
226 38 c
226 39 t
226 40 )
226 41  
226 42 *
226 43  
226 44 6
226 45 )
226 46  
226 47 +
226 48  
226 49 1
226 50 1
226 51 )
226 52  
226 53 %
226 54  
226 55 1
226 56 7
226 57 7
226 58 )
226 59  
226 60 /
226 61  
226 62 2
226 63 2
226 64 )
226 65  
226 66 &
226 67  
226 68 7
226 69 ;
226 70 
226 71 

227 0  
227 1  
227 2  
227 3  
227 4 }
227 5 
227 6 

228 0 
228 1 

229 0  
229 1  
229 2  
229 3  
229 4 /
229 5 *
229 6 *
229 7 
229 8 

230 0  
230 1  
230 2  
230 3  
230 4  
230 5 *
230 6  
230 7 R
230 8 e
230 9 t
230 10 u
230 11 r
230 12 n
230 13 s
230 14  
230 15 t
230 16 h
230 17 e
230 18  
230 19 c
230 20 u
230 21 r
230 22 r
230 23 e
230 24 n
230 25 t
230 26  
230 27 D
230 28 a
230 29 t
230 30 e
230 31  
230 32 i
230 33 n
230 34  
230 35 a
230 36  
230 37 f
230 38 o
230 39 r
230 40 m
230 41 a
230 42 t
230 43  
230 44 s
230 45 u
230 46 i
230 47 t
230 48 a
230 49 b
230 50 l
230 51 e
230 52  
230 53 f
230 54 o
230 55 r
230 56  
230 57 a
230 58  
230 59 S
230 60 M
230 61 T
230 62 P
230 63  
230 64 d
230 65 a
230 66 t
230 67 e
230 68 
230 69 

231 0  
231 1  
231 2  
231 3  
231 4  
231 5 *
231 6  
231 7 h
231 8 e
231 9 a
231 10 d
231 11 e
231 12 r
231 13 .
231 14 
231 15 

232 0  
232 1  
232 2  
232 3  
232 4  
232 5 *
232 6 
232 7 

233 0  
233 1  
233 2  
233 3  
233 4  
233 5 *
233 6  
233 7 @
233 8 s
233 9 i
233 10 n
233 11 c
233 12 e
233 13  
233 14 A
233 15 n
233 16 t
233 17  
233 18 1
233 19 .
233 20 5
233 21 .
233 22 2
233 23 
233 24 

234 0  
234 1  
234 2  
234 3  
234 4  
234 5 *
234 6 /
234 7 
234 8 

235 0  
235 1  
235 2  
235 3  
235 4 p
235 5 u
235 6 b
235 7 l
235 8 i
235 9 c
235 10  
235 11 s
235 12 t
235 13 a
235 14 t
235 15 i
235 16 c
235 17  
235 18 S
235 19 t
235 20 r
235 21 i
235 22 n
235 23 g
235 24  
235 25 g
235 26 e
235 27 t
235 28 D
235 29 a
235 30 t
235 31 e
235 32 F
235 33 o
235 34 r
235 35 H
235 36 e
235 37 a
235 38 d
235 39 e
235 40 r
235 41 (
235 42 )
235 43  
235 44 {
235 45 
235 46 

236 0  
236 1  
236 2  
236 3  
236 4  
236 5  
236 6  
236 7  
236 8 C
236 9 a
236 10 l
236 11 e
236 12 n
236 13 d
236 14 a
236 15 r
236 16  
236 17 c
236 18 a
236 19 l
236 20  
236 21 =
236 22  
236 23 C
236 24 a
236 25 l
236 26 e
236 27 n
236 28 d
236 29 a
236 30 r
236 31 .
236 32 g
236 33 e
236 34 t
236 35 I
236 36 n
236 37 s
236 38 t
236 39 a
236 40 n
236 41 c
236 42 e
236 43 (
236 44 )
236 45 ;
236 46 
236 47 

237 0  
237 1  
237 2  
237 3  
237 4  
237 5  
237 6  
237 7  
237 8 T
237 9 i
237 10 m
237 11 e
237 12 Z
237 13 o
237 14 n
237 15 e
237 16  
237 17 t
237 18 z
237 19  
237 20 =
237 21  
237 22 c
237 23 a
237 24 l
237 25 .
237 26 g
237 27 e
237 28 t
237 29 T
237 30 i
237 31 m
237 32 e
237 33 Z
237 34 o
237 35 n
237 36 e
237 37 (
237 38 )
237 39 ;
237 40 
237 41 

238 0  
238 1  
238 2  
238 3  
238 4  
238 5  
238 6  
238 7  
238 8 i
238 9 n
238 10 t
238 11  
238 12 o
238 13 f
238 14 f
238 15 s
238 16 e
238 17 t
238 18  
238 19 =
238 20  
238 21 t
238 22 z
238 23 .
238 24 g
238 25 e
238 26 t
238 27 O
238 28 f
238 29 f
238 30 s
238 31 e
238 32 t
238 33 (
238 34 c
238 35 a
238 36 l
238 37 .
238 38 g
238 39 e
238 40 t
238 41 (
238 42 C
238 43 a
238 44 l
238 45 e
238 46 n
238 47 d
238 48 a
238 49 r
238 50 .
238 51 E
238 52 R
238 53 A
238 54 )
238 55 ,
238 56 
238 57 

239 0  
239 1  
239 2  
239 3  
239 4  
239 5  
239 6  
239 7  
239 8  
239 9  
239 10  
239 11  
239 12  
239 13  
239 14  
239 15  
239 16  
239 17  
239 18  
239 19  
239 20  
239 21  
239 22  
239 23  
239 24  
239 25  
239 26  
239 27  
239 28  
239 29  
239 30  
239 31  
239 32  
239 33  
239 34 c
239 35 a
239 36 l
239 37 .
239 38 g
239 39 e
239 40 t
239 41 (
239 42 C
239 43 a
239 44 l
239 45 e
239 46 n
239 47 d
239 48 a
239 49 r
239 50 .
239 51 Y
239 52 E
239 53 A
239 54 R
239 55 )
239 56 ,
239 57 
239 58 

240 0  
240 1  
240 2  
240 3  
240 4  
240 5  
240 6  
240 7  
240 8  
240 9  
240 10  
240 11  
240 12  
240 13  
240 14  
240 15  
240 16  
240 17  
240 18  
240 19  
240 20  
240 21  
240 22  
240 23  
240 24  
240 25  
240 26  
240 27  
240 28  
240 29  
240 30  
240 31  
240 32  
240 33  
240 34 c
240 35 a
240 36 l
240 37 .
240 38 g
240 39 e
240 40 t
240 41 (
240 42 C
240 43 a
240 44 l
240 45 e
240 46 n
240 47 d
240 48 a
240 49 r
240 50 .
240 51 M
240 52 O
240 53 N
240 54 T
240 55 H
240 56 )
240 57 ,
240 58 
240 59 

241 0  
241 1  
241 2  
241 3  
241 4  
241 5  
241 6  
241 7  
241 8  
241 9  
241 10  
241 11  
241 12  
241 13  
241 14  
241 15  
241 16  
241 17  
241 18  
241 19  
241 20  
241 21  
241 22  
241 23  
241 24  
241 25  
241 26  
241 27  
241 28  
241 29  
241 30  
241 31  
241 32  
241 33  
241 34 c
241 35 a
241 36 l
241 37 .
241 38 g
241 39 e
241 40 t
241 41 (
241 42 C
241 43 a
241 44 l
241 45 e
241 46 n
241 47 d
241 48 a
241 49 r
241 50 .
241 51 D
241 52 A
241 53 Y
241 54 _
241 55 O
241 56 F
241 57 _
241 58 M
241 59 O
241 60 N
241 61 T
241 62 H
241 63 )
241 64 ,
241 65 
241 66 

242 0  
242 1  
242 2  
242 3  
242 4  
242 5  
242 6  
242 7  
242 8  
242 9  
242 10  
242 11  
242 12  
242 13  
242 14  
242 15  
242 16  
242 17  
242 18  
242 19  
242 20  
242 21  
242 22  
242 23  
242 24  
242 25  
242 26  
242 27  
242 28  
242 29  
242 30  
242 31  
242 32  
242 33  
242 34 c
242 35 a
242 36 l
242 37 .
242 38 g
242 39 e
242 40 t
242 41 (
242 42 C
242 43 a
242 44 l
242 45 e
242 46 n
242 47 d
242 48 a
242 49 r
242 50 .
242 51 D
242 52 A
242 53 Y
242 54 _
242 55 O
242 56 F
242 57 _
242 58 W
242 59 E
242 60 E
242 61 K
242 62 )
242 63 ,
242 64 
242 65 

243 0  
243 1  
243 2  
243 3  
243 4  
243 5  
243 6  
243 7  
243 8  
243 9  
243 10  
243 11  
243 12  
243 13  
243 14  
243 15  
243 16  
243 17  
243 18  
243 19  
243 20  
243 21  
243 22  
243 23  
243 24  
243 25  
243 26  
243 27  
243 28  
243 29  
243 30  
243 31  
243 32  
243 33  
243 34 c
243 35 a
243 36 l
243 37 .
243 38 g
243 39 e
243 40 t
243 41 (
243 42 C
243 43 a
243 44 l
243 45 e
243 46 n
243 47 d
243 48 a
243 49 r
243 50 .
243 51 M
243 52 I
243 53 L
243 54 L
243 55 I
243 56 S
243 57 E
243 58 C
243 59 O
243 60 N
243 61 D
243 62 )
243 63 )
243 64 ;
243 65 
243 66 

244 0  
244 1  
244 2  
244 3  
244 4  
244 5  
244 6  
244 7  
244 8 S
244 9 t
244 10 r
244 11 i
244 12 n
244 13 g
244 14 B
244 15 u
244 16 f
244 17 f
244 18 e
244 19 r
244 20  
244 21 t
244 22 z
244 23 M
244 24 a
244 25 r
244 26 k
244 27 e
244 28 r
244 29  
244 30 =
244 31  
244 32 n
244 33 e
244 34 w
244 35  
244 36 S
244 37 t
244 38 r
244 39 i
244 40 n
244 41 g
244 42 B
244 43 u
244 44 f
244 45 f
244 46 e
244 47 r
244 48 (
244 49 o
244 50 f
244 51 f
244 52 s
244 53 e
244 54 t
244 55  
244 56 <
244 57  
244 58 0
244 59  
244 60 ?
244 61  
244 62 "
244 63 -
244 64 "
244 65  
244 66 :
244 67  
244 68 "
244 69 +
244 70 "
244 71 )
244 72 ;
244 73 
244 74 

245 0  
245 1  
245 2  
245 3  
245 4  
245 5  
245 6  
245 7  
245 8 o
245 9 f
245 10 f
245 11 s
245 12 e
245 13 t
245 14  
245 15 =
245 16  
245 17 M
245 18 a
245 19 t
245 20 h
245 21 .
245 22 a
245 23 b
245 24 s
245 25 (
245 26 o
245 27 f
245 28 f
245 29 s
245 30 e
245 31 t
245 32 )
245 33 ;
245 34 
245 35 

246 0  
246 1  
246 2  
246 3  
246 4  
246 5  
246 6  
246 7  
246 8 i
246 9 n
246 10 t
246 11  
246 12 h
246 13 o
246 14 u
246 15 r
246 16 s
246 17  
246 18 =
246 19  
246 20 o
246 21 f
246 22 f
246 23 s
246 24 e
246 25 t
246 26  
246 27 /
246 28  
246 29 (
246 30 6
246 31 0
246 32  
246 33 *
246 34  
246 35 6
246 36 0
246 37  
246 38 *
246 39  
246 40 1
246 41 0
246 42 0
246 43 0
246 44 )
246 45 ;
246 46 
246 47 

247 0  
247 1  
247 2  
247 3  
247 4  
247 5  
247 6  
247 7  
247 8 i
247 9 n
247 10 t
247 11  
247 12 m
247 13 i
247 14 n
247 15 u
247 16 t
247 17 e
247 18 s
247 19  
247 20 =
247 21  
247 22 o
247 23 f
247 24 f
247 25 s
247 26 e
247 27 t
247 28  
247 29 /
247 30  
247 31 (
247 32 6
247 33 0
247 34  
247 35 *
247 36  
247 37 1
247 38 0
247 39 0
247 40 0
247 41 )
247 42  
247 43 -
247 44  
247 45 6
247 46 0
247 47  
247 48 *
247 49  
247 50 h
247 51 o
247 52 u
247 53 r
247 54 s
247 55 ;
247 56 
247 57 

248 0  
248 1  
248 2  
248 3  
248 4  
248 5  
248 6  
248 7  
248 8 i
248 9 f
248 10  
248 11 (
248 12 h
248 13 o
248 14 u
248 15 r
248 16 s
248 17  
248 18 <
248 19  
248 20 1
248 21 0
248 22 )
248 23  
248 24 {
248 25 
248 26 

249 0  
249 1  
249 2  
249 3  
249 4  
249 5  
249 6  
249 7  
249 8  
249 9  
249 10  
249 11  
249 12 t
249 13 z
249 14 M
249 15 a
249 16 r
249 17 k
249 18 e
249 19 r
249 20 .
249 21 a
249 22 p
249 23 p
249 24 e
249 25 n
249 26 d
249 27 (
249 28 "
249 29 0
249 30 "
249 31 )
249 32 ;
249 33 
249 34 

250 0  
250 1  
250 2  
250 3  
250 4  
250 5  
250 6  
250 7  
250 8 }
250 9 
250 10 

251 0  
251 1  
251 2  
251 3  
251 4  
251 5  
251 6  
251 7  
251 8 t
251 9 z
251 10 M
251 11 a
251 12 r
251 13 k
251 14 e
251 15 r
251 16 .
251 17 a
251 18 p
251 19 p
251 20 e
251 21 n
251 22 d
251 23 (
251 24 h
251 25 o
251 26 u
251 27 r
251 28 s
251 29 )
251 30 ;
251 31 
251 32 

252 0  
252 1  
252 2  
252 3  
252 4  
252 5  
252 6  
252 7  
252 8 i
252 9 f
252 10  
252 11 (
252 12 m
252 13 i
252 14 n
252 15 u
252 16 t
252 17 e
252 18 s
252 19  
252 20 <
252 21  
252 22 1
252 23 0
252 24 )
252 25  
252 26 {
252 27 
252 28 

253 0  
253 1  
253 2  
253 3  
253 4  
253 5  
253 6  
253 7  
253 8  
253 9  
253 10  
253 11  
253 12 t
253 13 z
253 14 M
253 15 a
253 16 r
253 17 k
253 18 e
253 19 r
253 20 .
253 21 a
253 22 p
253 23 p
253 24 e
253 25 n
253 26 d
253 27 (
253 28 "
253 29 0
253 30 "
253 31 )
253 32 ;
253 33 
253 34 

254 0  
254 1  
254 2  
254 3  
254 4  
254 5  
254 6  
254 7  
254 8 }
254 9 
254 10 

255 0  
255 1  
255 2  
255 3  
255 4  
255 5  
255 6  
255 7  
255 8 t
255 9 z
255 10 M
255 11 a
255 12 r
255 13 k
255 14 e
255 15 r
255 16 .
255 17 a
255 18 p
255 19 p
255 20 e
255 21 n
255 22 d
255 23 (
255 24 m
255 25 i
255 26 n
255 27 u
255 28 t
255 29 e
255 30 s
255 31 )
255 32 ;
255 33 
255 34 

256 0  
256 1  
256 2  
256 3  
256 4  
256 5  
256 6  
256 7  
256 8 r
256 9 e
256 10 t
256 11 u
256 12 r
256 13 n
256 14  
256 15 D
256 16 A
256 17 T
256 18 E
256 19 _
256 20 H
256 21 E
256 22 A
256 23 D
256 24 E
256 25 R
256 26 _
256 27 F
256 28 O
256 29 R
256 30 M
256 31 A
256 32 T
256 33 .
256 34 f
256 35 o
256 36 r
256 37 m
256 38 a
256 39 t
256 40 (
256 41 c
256 42 a
256 43 l
256 44 .
256 45 g
256 46 e
256 47 t
256 48 T
256 49 i
256 50 m
256 51 e
256 52 (
256 53 )
256 54 )
256 55  
256 56 +
256 57  
256 58 t
256 59 z
256 60 M
256 61 a
256 62 r
256 63 k
256 64 e
256 65 r
256 66 .
256 67 t
256 68 o
256 69 S
256 70 t
256 71 r
256 72 i
256 73 n
256 74 g
256 75 (
256 76 )
256 77 ;
256 78 
256 79 

257 0  
257 1  
257 2  
257 3  
257 4 }
257 5 
257 6 

258 0 }
258 1 
258 2 

